Epoch | Loss | 3DAll | 3DNod | 3DRaw | CleanOK | 2DAll | 2DTumor | FA | FPcomp | Detect | Precision | Sensitivity | FailRate | Gate
01 | 1.2496 | 0.0001 | 0.0002 | 0.0001 | 0% | 0.0001 | 0.0020 | 1.0000 | 0.19 | 100.0% | 0.0010 | 1.0000 | 100.0% | 0/0.0/0.0
02 | 1.1706 | 0.0594 | 0.0000 | 0.0000 | 32% | 0.0000 | 0.0000 | 1.0000 | 1.82 | 0.0% | 0.0000 | 0.0002 | 100.0% | 0/0.998/1.8
03 | 1.0992 | 0.1683 | 0.0000 | 0.0000 | 89% | 0.0000 | 0.0000 | 1.0000 | 0.15 | 0.0% | 0.0000 | 0.0000 | 100.0% | 70/0.0/1.8
04 | 1.0486 | 0.1881 | 0.0000 | 0.0000 | 100% | 0.0000 | 0.0000 | 1.0000 | 0.00 | 0.0% | 0.0000 | 0.0000 | 100.0% | 0/0.9/2.5
05 | 1.0235 | 0.1881 | 0.0000 | 0.0000 | 100% | 0.0191 | 0.0000 | 0.9796 | 0.00 | 0.0% | 0.0000 | 0.0000 | 100.0% | 0/0.7/0.0
06 | 1.0108 | 0.1881 | 0.0000 | 0.0039 | 100% | 0.0011 | 0.0171 | 1.0000 | 0.00 | 0.0% | 0.0268 | 0.0132 | 93.7% | 0/0.99/0.0
07 | 0.9985 | 0.3154 | 0.1690 | 0.0965 | 95% | 0.0436 | 0.3134 | 0.9757 | 0.18 | 14.0% | 0.2609 | 0.4681 | 44.4% | 0/0.99/4.0
08 | 0.9871 | 0.3688 | 0.2347 | 0.1166 | 95% | 0.4515 | 0.3893 | 0.5440 | 0.26 | 27.1% | 0.3254 | 0.6373 | 27.7% | 0/0.998/3.0
09 | 0.9665 | 0.3603 | 0.2609 | 0.1066 | 79% | 0.2879 | 0.4271 | 0.7221 | 0.38 | 37.4% | 0.3418 | 0.7338 | 20.6% | 0/0.9997/2.5
10 | 0.9104 | 0.2994 | 0.2591 | 0.0999 | 47% | 0.1433 | 0.4772 | 0.8805 | 0.56 | 36.0% | 0.3835 | 0.7833 | 16.3% | 0/0.9997/1.8
11 | 0.3737 | 0.3923 | 0.3246 | 0.2536 | 68% | 0.8701 | 0.3791 | 0.0948 | 0.79 | 46.3% | 0.3707 | 0.4836 | 41.1% | 70/0.998/3.0
12 | 0.2546 | 0.4592 | 0.3461 | 0.3391 | 95% | 0.9085 | 0.3984 | 0.0550 | 0.30 | 42.1% | 0.4039 | 0.4683 | 41.4% | 70/0.9993/2.5
13 | 0.2368 | 0.4808 | 0.3971 | 0.3877 | 84% | 0.9207 | 0.4260 | 0.0440 | 0.53 | 48.1% | 0.4400 | 0.4699 | 41.1% | 35/0.995/3.0
14 | 0.2271 | 0.4858 | 0.4154 | 0.4099 | 79% | 0.9240 | 0.4503 | 0.0422 | 0.58 | 52.8% | 0.4740 | 0.4813 | 38.5% | 0/0.97/2.5
15 | 0.2203 | 0.4975 | 0.4055 | 0.4128 | 89% | 0.9252 | 0.4564 | 0.0413 | 0.43 | 49.1% | 0.4855 | 0.4801 | 37.9% | 0/0.95/2.0
16 | 0.2142 | 0.5033 | 0.4370 | 0.4163 | 79% | 0.9260 | 0.4616 | 0.0409 | 0.62 | 54.2% | 0.4982 | 0.4782 | 37.3% | 0/0.95/2.5
17 | 0.2149 | 0.5139 | 0.4501 | 0.4128 | 79% | 0.9264 | 0.4733 | 0.0412 | 0.59 | 55.1% | 0.5057 | 0.4906 | 36.3% | 0/0.95/2.5
18 | 0.2118 | 0.5268 | 0.4415 | 0.4198 | 89% | 0.9244 | 0.4818 | 0.0440 | 0.51 | 52.8% | 0.5153 | 0.4981 | 35.4% | 0/0.97/2.5
19 | 0.2081 | 0.5170 | 0.4416 | 0.4205 | 84% | 0.9261 | 0.4837 | 0.0423 | 0.41 | 51.9% | 0.5166 | 0.5001 | 34.9% | 0/0.95/2.0
20 | 0.2046 | 0.5197 | 0.4572 | 0.4220 | 79% | 0.9253 | 0.4882 | 0.0435 | 0.61 | 57.0% | 0.5176 | 0.5066 | 34.4% | 0/0.95/2.5
21 | 0.2036 | 0.5292 | 0.4567 | 0.4210 | 84% | 0.9263 | 0.4856 | 0.0422 | 0.48 | 54.2% | 0.5165 | 0.5039 | 34.6% | 35/0.95/2.5
22 | 0.2021 | 0.5290 | 0.4564 | 0.4279 | 84% | 0.9285 | 0.4883 | 0.0400 | 0.49 | 53.3% | 0.5168 | 0.5059 | 34.8% | 35/0.95/2.5
23 | 0.2003 | 0.5359 | 0.4649 | 0.4278 | 84% | 0.9308 | 0.4856 | 0.0374 | 0.53 | 54.7% | 0.5147 | 0.5021 | 35.3% | 0/0.97/2.5
24 | 0.1962 | 0.5393 | 0.4691 | 0.4341 | 84% | 0.9288 | 0.4980 | 0.0405 | 0.48 | 57.0% | 0.5271 | 0.5171 | 33.9% | 35/0.0/2.5
25 | 0.1944 | 0.5462 | 0.4655 | 0.4262 | 89% | 0.9273 | 0.5022 | 0.0423 | 0.47 | 56.1% | 0.5296 | 0.5217 | 33.3% | 35/0.97/2.5
26 | 0.1932 | 0.5487 | 0.4685 | 0.4168 | 89% | 0.9260 | 0.5073 | 0.0441 | 0.45 | 57.5% | 0.5308 | 0.5274 | 32.8% | 35/0.97/2.5
27 | 0.1893 | 0.5471 | 0.4788 | 0.4262 | 84% | 0.9273 | 0.5083 | 0.0428 | 0.45 | 57.5% | 0.5384 | 0.5276 | 31.8% | 35/0.97/2.5
28 | 0.1893 | 0.5405 | 0.4706 | 0.4177 | 84% | 0.9276 | 0.5031 | 0.0421 | 0.47 | 56.5% | 0.5307 | 0.5215 | 32.8% | 35/0.97/2.5
29 | 0.1858 | 0.5514 | 0.4596 | 0.4167 | 95% | 0.9279 | 0.5052 | 0.0419 | 0.33 | 54.2% | 0.5331 | 0.5248 | 32.1% | 35/0.95/2.0
30 | 0.1854 | 0.5499 | 0.4700 | 0.4204 | 89% | 0.9280 | 0.5112 | 0.0422 | 0.28 | 53.7% | 0.5392 | 0.5302 | 31.9% | 35/0.97/2.0
31 | 0.1831 | 0.5215 | 0.4472 | 0.4193 | 84% | 0.9272 | 0.5054 | 0.0427 | 0.29 | 51.9% | 0.5360 | 0.5249 | 32.7% | 35/0.95/2.0
32 | 0.1818 | 0.5256 | 0.4401 | 0.4082 | 89% | 0.9275 | 0.5066 | 0.0424 | 0.43 | 48.6% | 0.5376 | 0.5259 | 32.3% | 0/0.95/1.8
33 | 0.1782 | 0.5345 | 0.4632 | 0.4203 | 84% | 0.9274 | 0.5054 | 0.0425 | 0.52 | 53.7% | 0.5284 | 0.5264 | 33.1% | 0/0.95/2.0
34 | 0.1785 | 0.5253 | 0.4397 | 0.4074 | 89% | 0.9269 | 0.5084 | 0.0432 | 0.34 | 50.5% | 0.5364 | 0.5259 | 32.6% | 35/0.97/2.0
35 | 0.1771 | 0.5183 | 0.4676 | 0.4199 | 74% | 0.9282 | 0.5104 | 0.0420 | 0.47 | 57.5% | 0.5412 | 0.5273 | 32.2% | 35/0.97/2.5
36 | 0.1745 | 0.5228 | 0.4610 | 0.4205 | 79% | 0.9280 | 0.5125 | 0.0423 | 0.46 | 53.3% | 0.5384 | 0.5312 | 32.4% | 0/0.97/2.0
37 | 0.1735 | 0.5187 | 0.4438 | 0.4256 | 84% | 0.9294 | 0.5125 | 0.0408 | 0.38 | 53.3% | 0.5403 | 0.5304 | 32.2% | 35/0.95/2.0
38 | 0.1712 | 0.5189 | 0.4562 | 0.4299 | 79% | 0.9310 | 0.5109 | 0.0390 | 0.44 | 54.7% | 0.5391 | 0.5279 | 32.4% | 0/0.97/2.0
39 | 0.1704 | 0.5105 | 0.4702 | 0.4277 | 68% | 0.9312 | 0.5116 | 0.0389 | 0.80 | 62.6% | 0.5428 | 0.5284 | 32.0% | 0/0.97/3.0
40 | 0.1681 | 0.5072 | 0.4418 | 0.4211 | 79% | 0.9308 | 0.5066 | 0.0389 | 0.44 | 53.7% | 0.5376 | 0.5240 | 32.9% | 0/0.97/2.0
41 | 0.1662 | 0.5030 | 0.4488 | 0.4325 | 74% | 0.9306 | 0.5032 | 0.0389 | 0.52 | 54.2% | 0.5319 | 0.5203 | 33.7% | 0/0.95/2.0
42 | 0.1645 | 0.5234 | 0.4618 | 0.4140 | 79% | 0.9298 | 0.5100 | 0.0402 | 0.51 | 57.0% | 0.5417 | 0.5255 | 32.6% | 15/0.95/2.0
43 | 0.1641 | 0.5158 | 0.4768 | 0.4140 | 68% | 0.9314 | 0.5107 | 0.0386 | 0.79 | 65.4% | 0.5401 | 0.5263 | 32.7% | 0/0.97/3.0
44 | 0.1626 | 0.5118 | 0.4719 | 0.4277 | 68% | 0.9318 | 0.5108 | 0.0381 | 0.79 | 64.0% | 0.5393 | 0.5258 | 32.9% | 0/0.97/3.0
45 | 0.1614 | 0.5115 | 0.4715 | 0.4193 | 68% | 0.9322 | 0.5093 | 0.0376 | 0.83 | 63.6% | 0.5385 | 0.5237 | 33.2% | 0/0.97/3.0
46 | 0.1605 | 0.5067 | 0.4412 | 0.4162 | 79% | 0.9312 | 0.5067 | 0.0385 | 0.43 | 52.3% | 0.5354 | 0.5202 | 33.5% | 0/0.97/2.0
47 | 0.1573 | 0.5051 | 0.4514 | 0.4134 | 74% | 0.9317 | 0.5084 | 0.0381 | 0.41 | 56.1% | 0.5397 | 0.5223 | 33.1% | 0/0.97/2.0
48 | 0.1582 | 0.5117 | 0.4352 | 0.4146 | 84% | 0.9319 | 0.5089 | 0.0379 | 0.28 | 48.1% | 0.5401 | 0.5230 | 33.2% | 0/0.97/1.8
49 | 0.1573 | 0.5154 | 0.4519 | 0.4159 | 79% | 0.9313 | 0.5124 | 0.0387 | 0.40 | 53.3% | 0.5441 | 0.5268 | 32.6% | 0/0.97/2.0
50 | 0.1551 | 0.5205 | 0.4581 | 0.4067 | 79% | 0.9315 | 0.5113 | 0.0385 | 0.37 | 55.1% | 0.5405 | 0.5261 | 33.0% | 0/0.97/2.0
51 | 0.1525 | 0.5272 | 0.4543 | 0.4080 | 84% | 0.9317 | 0.5098 | 0.0381 | 0.36 | 54.7% | 0.5396 | 0.5244 | 33.3% | 0/0.97/2.0
52 | 0.1540 | 0.5238 | 0.4745 | 0.4080 | 74% | 0.9319 | 0.5070 | 0.0378 | 0.64 | 59.8% | 0.5383 | 0.5216 | 33.5% | 0/0.95/2.5
53 | 0.1528 | 0.5283 | 0.4556 | 0.4072 | 84% | 0.9327 | 0.5035 | 0.0367 | 0.35 | 52.8% | 0.5331 | 0.5174 | 34.0% | 0/0.97/2.0
54 | 0.1523 | 0.5245 | 0.4753 | 0.4045 | 74% | 0.9324 | 0.5014 | 0.0368 | 0.70 | 63.1% | 0.5307 | 0.5151 | 34.4% | 15/0.97/3.0
55 | 0.1531 | 0.5190 | 0.4685 | 0.4038 | 74% | 0.9330 | 0.4998 | 0.0360 | 0.73 | 62.1% | 0.5295 | 0.5132 | 34.4% | 0/0.97/3.0
56 | 0.1511 | 0.5218 | 0.4475 | 0.4118 | 84% | 0.9333 | 0.4994 | 0.0357 | 0.35 | 53.3% | 0.5298 | 0.5127 | 34.7% | 0/0.95/2.0
57 | 0.1526 | 0.5191 | 0.4443 | 0.4115 | 84% | 0.9325 | 0.4977 | 0.0365 | 0.37 | 52.3% | 0.5282 | 0.5109 | 34.8% | 0/0.97/2.0
58 | 0.1505 | 0.5182 | 0.4432 | 0.4127 | 84% | 0.9325 | 0.4987 | 0.0366 | 0.36 | 52.8% | 0.5270 | 0.5121 | 34.9% | 0/0.95/2.0
59 | 0.1515 | 0.5206 | 0.4705 | 0.4131 | 74% | 0.9325 | 0.4989 | 0.0366 | 0.74 | 62.1% | 0.5277 | 0.5123 | 34.8% | 0/0.97/3.0
60 | 0.1493 | 0.5199 | 0.4697 | 0.4135 | 74% | 0.9324 | 0.4998 | 0.0367 | 0.74 | 62.1% | 0.5282 | 0.5136 | 34.7% | 0/0.97/3.0
