Epoch | Loss | Dice | IoU | Precision | Sensitivity | Specificity | HD95(mm) | ASD(mm) | FailRate | 3DDice | CompositeScore
01 | 1.1006 | 0.0019 | 0.0010 | 0.0778 | 0.0010 | 1.0000 | 47.60 | 34.46 | 99.9% | 0.0016 | 0.0086
02 | 0.9647 | 0.0000 | 0.0000 | 0.0000 | 0.0000 | 1.0000 | 0.00 | 0.00 | 100.0% | 0.0000 | 0.1500
03 | 0.8701 | 0.0000 | 0.0000 | 0.0000 | 0.0000 | 1.0000 | 0.00 | 0.00 | 100.0% | 0.0000 | 0.1500
04 | 0.8375 | 0.3940 | 0.2962 | 0.5730 | 0.3363 | 0.9999 | 33.36 | 17.29 | 31.9% | 0.1894 | 0.2985
05 | 0.8172 | 0.5268 | 0.4223 | 0.5592 | 0.5586 | 0.9998 | 31.94 | 16.11 | 22.8% | 0.2051 | 0.3737
06 | 0.8025 | 0.5603 | 0.4518 | 0.5543 | 0.6337 | 0.9998 | 36.68 | 18.05 | 19.0% | 0.1857 | 0.3688
07 | 0.7887 | 0.5511 | 0.4447 | 0.5734 | 0.5926 | 0.9997 | 34.86 | 18.73 | 20.0% | 0.1666 | 0.3633
08 | 0.7793 | 0.5717 | 0.4677 | 0.5800 | 0.6196 | 0.9998 | 30.47 | 17.59 | 20.3% | 0.1869 | 0.3943
09 | 0.7741 | 0.5762 | 0.4687 | 0.6098 | 0.5976 | 0.9998 | 29.85 | 16.32 | 18.7% | 0.1849 | 0.3971
10 | 0.7677 | 0.5953 | 0.4907 | 0.6000 | 0.6479 | 0.9997 | 28.59 | 17.30 | 18.4% | 0.1689 | 0.4053
11 | 0.7623 | 0.5795 | 0.4712 | 0.5968 | 0.6178 | 0.9997 | 30.24 | 17.37 | 17.8% | 0.1734 | 0.3935
12 | 0.7606 | 0.5978 | 0.4923 | 0.6046 | 0.6473 | 0.9997 | 28.23 | 16.80 | 17.9% | 0.1730 | 0.4089
13 | 0.7568 | 0.5699 | 0.4667 | 0.6388 | 0.5643 | 0.9999 | 20.29 | 12.05 | 20.9% | 0.2626 | 0.4505
14 | 0.7538 | 0.6094 | 0.5028 | 0.5925 | 0.6851 | 0.9997 | 30.12 | 16.00 | 16.4% | 0.1717 | 0.4084
15 | 0.7516 | 0.6195 | 0.5079 | 0.6059 | 0.7016 | 0.9996 | 30.51 | 15.28 | 12.9% | 0.1536 | 0.4053
16 | 0.7489 | 0.6194 | 0.5118 | 0.6185 | 0.6784 | 0.9997 | 27.70 | 14.28 | 15.2% | 0.1818 | 0.4241
17 | 0.7465 | 0.6316 | 0.5204 | 0.6551 | 0.6660 | 0.9997 | 27.61 | 14.06 | 13.2% | 0.1778 | 0.4285
18 | 0.7446 | 0.6425 | 0.5336 | 0.6393 | 0.7079 | 0.9996 | 26.70 | 13.54 | 12.9% | 0.1654 | 0.4327
19 | 0.7421 | 0.6402 | 0.5281 | 0.6482 | 0.6925 | 0.9997 | 27.16 | 12.74 | 11.8% | 0.1895 | 0.4381
20 | 0.7410 | 0.6413 | 0.5335 | 0.6755 | 0.6610 | 0.9998 | 20.92 | 11.04 | 14.0% | 0.2338 | 0.4736
21 | 0.7389 | 0.6519 | 0.5417 | 0.6511 | 0.7151 | 0.9997 | 25.94 | 13.14 | 11.3% | 0.1695 | 0.4409
22 | 0.7374 | 0.6592 | 0.5468 | 0.6531 | 0.7310 | 0.9997 | 25.77 | 11.84 | 10.1% | 0.1684 | 0.4444
23 | 0.7361 | 0.6372 | 0.5285 | 0.6622 | 0.6699 | 0.9997 | 22.18 | 12.22 | 13.9% | 0.1815 | 0.4493
24 | 0.7352 | 0.6339 | 0.5243 | 0.6669 | 0.6589 | 0.9998 | 22.75 | 12.19 | 13.9% | 0.2197 | 0.4591
25 | 0.7332 | 0.6469 | 0.5385 | 0.6653 | 0.6874 | 0.9997 | 23.79 | 12.54 | 12.4% | 0.1947 | 0.4540
26 | 0.7328 | 0.6407 | 0.5339 | 0.6486 | 0.6915 | 0.9998 | 23.60 | 13.12 | 14.4% | 0.2069 | 0.4560
27 | 0.7316 | 0.6338 | 0.5260 | 0.6584 | 0.6680 | 0.9998 | 23.98 | 12.55 | 14.0% | 0.2175 | 0.4549
28 | 0.7307 | 0.6461 | 0.5387 | 0.6545 | 0.6996 | 0.9998 | 25.50 | 13.05 | 12.9% | 0.1957 | 0.4489
29 | 0.7292 | 0.6493 | 0.5405 | 0.6725 | 0.6856 | 0.9998 | 23.65 | 12.61 | 12.6% | 0.1959 | 0.4560
30 | 0.7288 | 0.6463 | 0.5359 | 0.6733 | 0.6757 | 0.9998 | 23.94 | 12.64 | 12.5% | 0.2000 | 0.4548
31 | 0.7279 | 0.6449 | 0.5367 | 0.6663 | 0.6817 | 0.9998 | 23.50 | 13.14 | 13.2% | 0.1941 | 0.4537
32 | 0.7268 | 0.6455 | 0.5384 | 0.6672 | 0.6798 | 0.9998 | 22.86 | 12.53 | 13.7% | 0.2004 | 0.4583
33 | 0.7253 | 0.6488 | 0.5393 | 0.6718 | 0.6837 | 0.9998 | 23.64 | 12.90 | 12.3% | 0.1939 | 0.4549
34 | 0.7255 | 0.6525 | 0.5440 | 0.6748 | 0.6846 | 0.9998 | 21.56 | 11.96 | 12.9% | 0.2115 | 0.4693
35 | 0.7247 | 0.6504 | 0.5419 | 0.6747 | 0.6822 | 0.9998 | 21.79 | 12.19 | 13.0% | 0.2168 | 0.4695
36 | 0.7252 | 0.6560 | 0.5465 | 0.6778 | 0.6896 | 0.9998 | 22.20 | 11.94 | 12.3% | 0.2047 | 0.4666
37 | 0.7241 | 0.6516 | 0.5428 | 0.6747 | 0.6851 | 0.9998 | 21.23 | 11.80 | 12.8% | 0.2163 | 0.4715
38 | 0.7242 | 0.6515 | 0.5427 | 0.6809 | 0.6802 | 0.9998 | 21.32 | 12.00 | 12.8% | 0.2174 | 0.4716
39 | 0.7238 | 0.6506 | 0.5420 | 0.6736 | 0.6854 | 0.9998 | 21.06 | 11.89 | 12.7% | 0.2158 | 0.4714
40 | 0.7241 | 0.6530 | 0.5440 | 0.6768 | 0.6869 | 0.9998 | 21.47 | 11.53 | 12.4% | 0.2094 | 0.4690
--- Training Session Started: 2026-08-06 16:14:18 ---
Epoch | Loss | PosDice | AllDice | IoU | Precision | Sensitivity | Specificity | HD95(mm) | ASD(mm) | FailRate | 3DDice | CompositeScore
01 | 1.0787 | 0.0000 | 0.0000 | 0.0000 | 0.0000 | 0.0000 | 0.9998 | 142.87 | 132.06 | 100.0% | 0.0000 | 0.0000
02 | 1.0332 | 0.0000 | 0.0518 | 0.0000 | 0.0000 | 0.0000 | 1.0000 | 143.47 | 137.66 | 100.0% | 0.0000 | 0.0000
03 | 1.0162 | 0.0000 | 0.9333 | 0.0000 | 0.0000 | 0.0000 | 1.0000 | 0.00 | 0.00 | 100.0% | 0.0000 | 0.0000
04 | 0.9543 | 0.0000 | 0.9333 | 0.0000 | 0.0000 | 0.0000 | 1.0000 | 0.00 | 0.00 | 100.0% | 0.0000 | 0.0000
05 | 0.8959 | 0.0000 | 0.9333 | 0.0000 | 0.0000 | 0.0000 | 1.0000 | 0.00 | 0.00 | 100.0% | 0.0000 | 0.0000
06 | 0.8632 | 0.0000 | 0.9333 | 0.0000 | 0.0000 | 0.0000 | 1.0000 | 0.00 | 0.00 | 100.0% | 0.0000 | 0.0000
07 | 0.8358 | 0.3212 | 0.7789 | 0.2301 | 0.5699 | 0.2494 | 1.0000 | 23.38 | 11.58 | 37.7% | 0.2171 | 0.2669
08 | 0.8167 | 0.5258 | 0.4746 | 0.4189 | 0.5648 | 0.5534 | 0.9998 | 40.45 | 18.68 | 21.3% | 0.1883 | 0.4993
09 | 0.8006 | 0.5473 | 0.3621 | 0.4453 | 0.5220 | 0.6494 | 0.9996 | 34.93 | 18.94 | 22.0% | 0.1425 | 0.5473
10 | 0.7894 | 0.5645 | 0.4840 | 0.4609 | 0.5822 | 0.6024 | 0.9998 | 30.35 | 15.04 | 21.3% | 0.1908 | 0.5426
11 | 0.7819 | 0.5493 | 0.3576 | 0.4455 | 0.5265 | 0.6435 | 0.9997 | 38.43 | 20.14 | 21.5% | 0.1648 | 0.5461
12 | 0.7753 | 0.5909 | 0.2929 | 0.4842 | 0.5932 | 0.6504 | 0.9998 | 31.10 | 16.90 | 17.6% | 0.1804 | 0.5752
13 | 0.7696 | 0.5897 | 0.3929 | 0.4862 | 0.5889 | 0.6508 | 0.9997 | 29.20 | 15.99 | 18.4% | 0.1816 | 0.5756
14 | 0.7678 | 0.5909 | 0.2046 | 0.4815 | 0.5467 | 0.7167 | 0.9996 | 36.52 | 18.48 | 15.8% | 0.1586 | 0.5964
15 | 0.7629 | 0.5978 | 0.1930 | 0.4871 | 0.5577 | 0.7143 | 0.9997 | 33.98 | 16.96 | 15.5% | 0.1477 | 0.5997
16 | 0.7588 | 0.6023 | 0.4043 | 0.4942 | 0.5919 | 0.6749 | 0.9998 | 30.79 | 15.68 | 16.3% | 0.2050 | 0.5905
17 | 0.7564 | 0.6012 | 0.3429 | 0.4934 | 0.6048 | 0.6561 | 0.9998 | 24.62 | 13.99 | 17.0% | 0.1799 | 0.5835
18 | 0.7534 | 0.6064 | 0.3142 | 0.4994 | 0.6219 | 0.6410 | 0.9998 | 25.98 | 14.68 | 17.1% | 0.2067 | 0.5823
19 | 0.7517 | 0.6113 | 0.2550 | 0.5011 | 0.5810 | 0.7138 | 0.9997 | 31.48 | 15.11 | 14.9% | 0.1646 | 0.6087
20 | 0.7502 | 0.6086 | 0.3460 | 0.5005 | 0.6224 | 0.6484 | 0.9998 | 25.10 | 14.03 | 16.1% | 0.1963 | 0.5858
21 | 0.7470 | 0.6191 | 0.2881 | 0.5107 | 0.6084 | 0.6884 | 0.9998 | 26.20 | 13.97 | 15.4% | 0.1760 | 0.6061
22 | 0.7461 | 0.6117 | 0.3755 | 0.5040 | 0.6174 | 0.6632 | 0.9998 | 24.51 | 12.82 | 16.0% | 0.1980 | 0.5930
23 | 0.7448 | 0.6167 | 0.3647 | 0.5106 | 0.6276 | 0.6639 | 0.9998 | 23.73 | 13.01 | 16.5% | 0.2045 | 0.5971
24 | 0.7420 | 0.6298 | 0.3099 | 0.5229 | 0.6463 | 0.6713 | 0.9998 | 26.47 | 14.14 | 14.4% | 0.1950 | 0.6080
25 | 0.7406 | 0.6283 | 0.3341 | 0.5228 | 0.6294 | 0.6843 | 0.9998 | 24.81 | 13.24 | 15.8% | 0.2025 | 0.6118
26 | 0.7386 | 0.6146 | 0.3962 | 0.5087 | 0.6487 | 0.6350 | 0.9998 | 25.39 | 14.59 | 17.1% | 0.2275 | 0.5861
27 | 0.7371 | 0.6300 | 0.3017 | 0.5235 | 0.6418 | 0.6730 | 0.9998 | 25.86 | 13.74 | 15.2% | 0.1960 | 0.6089
28 | 0.7359 | 0.6310 | 0.3408 | 0.5243 | 0.6403 | 0.6724 | 0.9998 | 23.74 | 13.29 | 15.8% | 0.2092 | 0.6092
29 | 0.7343 | 0.6377 | 0.3533 | 0.5310 | 0.6485 | 0.6810 | 0.9998 | 24.58 | 13.14 | 14.3% | 0.2088 | 0.6165
30 | 0.7345 | 0.6358 | 0.4049 | 0.5293 | 0.6662 | 0.6586 | 0.9998 | 23.21 | 12.56 | 14.9% | 0.2256 | 0.6079
31 | 0.7323 | 0.6387 | 0.4090 | 0.5328 | 0.6616 | 0.6700 | 0.9998 | 22.76 | 12.50 | 14.8% | 0.2219 | 0.6138
32 | 0.7318 | 0.6332 | 0.3785 | 0.5260 | 0.6538 | 0.6663 | 0.9998 | 22.69 | 12.50 | 14.9% | 0.2148 | 0.6085
33 | 0.7309 | 0.6204 | 0.4473 | 0.5176 | 0.6521 | 0.6412 | 0.9998 | 22.91 | 12.98 | 17.1% | 0.2326 | 0.5931

--- Training Session Started: 2026-08-06 20:55:36 ---
Epoch | Loss | Dice | IoU | Precision | Sensitivity | Specificity | HD95(mm) | ASD(mm) | FailRate | 3DDice | CompositeScore
01 | 1.1439 | 0.0004 | 0.0002 | 0.0011 | 0.0002 | 0.9996 | 84.37 | 72.60 | 99.8% | 0.0002 | 0.0003
02 | 1.0651 | 0.0000 | 0.0000 | 0.0000 | 0.0000 | 1.0000 | 0.00 | 0.00 | 100.0% | 0.0000 | 0.0000
03 | 0.9914 | 0.0000 | 0.0000 | 0.0000 | 0.0000 | 1.0000 | 0.00 | 0.00 | 100.0% | 0.0000 | 0.0000
04 | 0.8957 | 0.0000 | 0.0000 | 0.0000 | 0.0000 | 1.0000 | 0.00 | 0.00 | 100.0% | 0.0000 | 0.0000
05 | 0.8656 | 0.0000 | 0.0000 | 0.0000 | 0.0000 | 1.0000 | 0.00 | 0.00 | 100.0% | 0.0000 | 0.0000
06 | 0.8424 | 0.0000 | 0.0000 | 0.0000 | 0.0000 | 1.0000 | 0.00 | 0.00 | 100.0% | 0.0000 | 0.0000
07 | 0.8233 | 0.5148 | 0.4064 | 0.5825 | 0.5111 | 0.9998 | 41.91 | 20.71 | 22.2% | 0.1666 | 0.4774
08 | 0.8081 | 0.5259 | 0.4253 | 0.5722 | 0.5358 | 0.9998 | 31.95 | 21.19 | 25.4% | 0.1862 | 0.4957
09 | 0.7953 | 0.5562 | 0.4544 | 0.5804 | 0.5846 | 0.9998 | 29.49 | 17.99 | 23.0% | 0.1775 | 0.5317
10 | 0.7847 | 0.5657 | 0.4642 | 0.5743 | 0.6093 | 0.9998 | 28.09 | 16.37 | 22.2% | 0.1775 | 0.5464
11 | 0.7786 | 0.5764 | 0.4746 | 0.6120 | 0.5941 | 0.9998 | 25.30 | 15.42 | 21.2% | 0.1847 | 0.5484
12 | 0.7724 | 0.5882 | 0.4840 | 0.6024 | 0.6331 | 0.9998 | 28.95 | 16.29 | 18.6% | 0.1702 | 0.5684
13 | 0.7671 | 0.5739 | 0.4682 | 0.5943 | 0.6109 | 0.9998 | 32.76 | 17.41 | 19.3% | 0.1652 | 0.5510
14 | 0.7621 | 0.6078 | 0.5048 | 0.6096 | 0.6605 | 0.9998 | 28.89 | 16.84 | 18.0% | 0.1739 | 0.5911
15 | 0.7589 | 0.6077 | 0.5015 | 0.6193 | 0.6544 | 0.9998 | 30.78 | 16.87 | 17.2% | 0.1670 | 0.5879
16 | 0.7565 | 0.6253 | 0.5211 | 0.6343 | 0.6711 | 0.9998 | 28.44 | 15.31 | 16.2% | 0.1517 | 0.6058
17 | 0.7530 | 0.6248 | 0.5196 | 0.6333 | 0.6727 | 0.9998 | 27.54 | 14.88 | 16.0% | 0.1839 | 0.6057
18 | 0.7498 | 0.6170 | 0.5103 | 0.6410 | 0.6473 | 0.9998 | 28.49 | 14.59 | 15.4% | 0.1517 | 0.5916
19 | 0.7473 | 0.6350 | 0.5285 | 0.6475 | 0.6813 | 0.9998 | 28.40 | 15.01 | 14.3% | 0.1601 | 0.6149
20 | 0.7463 | 0.6306 | 0.5220 | 0.6399 | 0.6839 | 0.9998 | 29.73 | 14.33 | 13.5% | 0.1746 | 0.6122
21 | 0.7449 | 0.6250 | 0.5188 | 0.6277 | 0.6851 | 0.9998 | 26.85 | 15.03 | 15.1% | 0.1797 | 0.6097
22 | 0.7423 | 0.6345 | 0.5293 | 0.6184 | 0.7163 | 0.9998 | 25.30 | 13.46 | 14.9% | 0.1751 | 0.6267
23 | 0.7402 | 0.6259 | 0.5205 | 0.6452 | 0.6676 | 0.9998 | 28.03 | 14.18 | 15.6% | 0.1938 | 0.6047
24 | 0.7390 | 0.6288 | 0.5222 | 0.6257 | 0.6935 | 0.9998 | 29.07 | 15.04 | 14.9% | 0.1736 | 0.6148
25 | 0.7379 | 0.6289 | 0.5234 | 0.6671 | 0.6490 | 0.9998 | 24.97 | 13.83 | 15.7% | 0.1890 | 0.6004
26 | 0.7368 | 0.6344 | 0.5262 | 0.6461 | 0.6817 | 0.9998 | 26.68 | 13.76 | 13.9% | 0.1847 | 0.6141
27 | 0.7356 | 0.6382 | 0.5335 | 0.6329 | 0.7078 | 0.9998 | 27.14 | 13.61 | 14.0% | 0.1597 | 0.6265
28 | 0.7348 | 0.6346 | 0.5295 | 0.6420 | 0.6910 | 0.9998 | 24.30 | 12.71 | 14.2% | 0.1948 | 0.6184
29 | 0.7325 | 0.6425 | 0.5359 | 0.6591 | 0.6851 | 0.9998 | 22.87 | 12.28 | 13.9% | 0.1962 | 0.6212
30 | 0.7318 | 0.6413 | 0.5325 | 0.6454 | 0.6998 | 0.9998 | 26.17 | 13.15 | 12.8% | 0.1830 | 0.6245
31 | 0.7300 | 0.6372 | 0.5304 | 0.6540 | 0.6807 | 0.9998 | 24.02 | 12.94 | 14.3% | 0.2003 | 0.6161
32 | 0.7300 | 0.6426 | 0.5365 | 0.6639 | 0.6795 | 0.9998 | 23.06 | 12.58 | 13.9% | 0.2030 | 0.6195
33 | 0.7292 | 0.6472 | 0.5400 | 0.6576 | 0.6967 | 0.9998 | 23.35 | 12.30 | 13.4% | 0.2028 | 0.6280
34 | 0.7283 | 0.6466 | 0.5410 | 0.6589 | 0.6911 | 0.9998 | 23.41 | 12.46 | 13.9% | 0.2007 | 0.6262
35 | 0.7284 | 0.6475 | 0.5398 | 0.6599 | 0.6945 | 0.9998 | 23.74 | 12.31 | 13.0% | 0.2022 | 0.6273
36 | 0.7280 | 0.6425 | 0.5378 | 0.6721 | 0.6706 | 0.9998 | 22.04 | 12.22 | 14.3% | 0.2102 | 0.6170
37 | 0.7274 | 0.6486 | 0.5421 | 0.6703 | 0.6872 | 0.9998 | 22.88 | 12.18 | 13.2% | 0.2058 | 0.6260
38 | 0.7268 | 0.6435 | 0.5380 | 0.6620 | 0.6824 | 0.9998 | 21.99 | 12.19 | 14.2% | 0.2085 | 0.6213
39 | 0.7270 | 0.6450 | 0.5386 | 0.6626 | 0.6869 | 0.9998 | 22.51 | 12.31 | 13.6% | 0.2044 | 0.6235
40 | 0.7270 | 0.6449 | 0.5384 | 0.6629 | 0.6862 | 0.9998 | 22.34 | 12.21 | 13.4% | 0.2076 | 0.6231
