Epoch | Loss | Dice | IoU | Precision | Sensitivity | Specificity | HD95(mm) | ASD(mm) | FailRate | 3DDice | CompositeScore
01 | 1.0621 | 0.0000 | 0.0000 | 0.0026 | 0.0000 | 1.0000 | 53.31 | 50.11 | 100.0% | 0.0000 | 0.0000
02 | 0.9718 | 0.0000 | 0.0000 | 0.0000 | 0.0000 | 1.0000 | 0.00 | 0.00 | 100.0% | 0.0000 | 0.0000
03 | 0.8749 | 0.0001 | 0.0000 | 0.0065 | 0.0000 | 1.0000 | 79.25 | 38.67 | 100.0% | 0.0001 | 0.0001
04 | 0.8418 | 0.4425 | 0.3541 | 0.5363 | 0.4115 | 0.9999 | 30.62 | 19.21 | 35.8% | 0.2137 | 0.4027
05 | 0.8244 | 0.4939 | 0.3971 | 0.4880 | 0.5561 | 0.9996 | 55.90 | 29.09 | 25.9% | 0.1215 | 0.4824
06 | 0.8119 | 0.5082 | 0.4169 | 0.5659 | 0.4989 | 0.9999 | 35.05 | 22.54 | 29.7% | 0.2137 | 0.4747
07 | 0.8018 | 0.5431 | 0.4448 | 0.5463 | 0.5927 | 0.9998 | 39.94 | 22.59 | 23.9% | 0.1666 | 0.5269
08 | 0.7952 | 0.5341 | 0.4366 | 0.5222 | 0.6089 | 0.9997 | 44.45 | 24.39 | 24.3% | 0.1383 | 0.5265
09 | 0.7900 | 0.5414 | 0.4454 | 0.5577 | 0.5741 | 0.9998 | 35.10 | 21.25 | 25.0% | 0.1742 | 0.5203
10 | 0.7849 | 0.5456 | 0.4504 | 0.5476 | 0.5959 | 0.9998 | 41.72 | 23.32 | 24.4% | 0.1632 | 0.5307
11 | 0.7810 | 0.5466 | 0.4468 | 0.5238 | 0.6418 | 0.9996 | 46.88 | 23.12 | 21.1% | 0.1227 | 0.5451
12 | 0.7779 | 0.5377 | 0.4452 | 0.5564 | 0.5637 | 0.9998 | 34.53 | 22.29 | 27.3% | 0.1853 | 0.5156
13 | 0.7746 | 0.5595 | 0.4578 | 0.5530 | 0.6193 | 0.9997 | 42.97 | 22.54 | 21.3% | 0.1624 | 0.5455
14 | 0.7724 | 0.5562 | 0.4601 | 0.5813 | 0.5797 | 0.9998 | 35.71 | 20.87 | 23.8% | 0.1822 | 0.5320
15 | 0.7703 | 0.5475 | 0.4515 | 0.5675 | 0.5755 | 0.9998 | 33.93 | 21.00 | 25.7% | 0.1946 | 0.5248
16 | 0.7683 | 0.5579 | 0.4636 | 0.5774 | 0.5862 | 0.9998 | 32.55 | 20.92 | 24.8% | 0.1774 | 0.5359
17 | 0.7654 | 0.5687 | 0.4740 | 0.5815 | 0.6013 | 0.9998 | 32.10 | 19.21 | 23.5% | 0.1914 | 0.5480
18 | 0.7639 | 0.5744 | 0.4743 | 0.5951 | 0.6004 | 0.9998 | 34.71 | 19.78 | 21.4% | 0.1726 | 0.5497
19 | 0.7623 | 0.5691 | 0.4730 | 0.5867 | 0.6006 | 0.9998 | 32.48 | 18.83 | 23.2% | 0.1929 | 0.5476
20 | 0.7607 | 0.5629 | 0.4704 | 0.5895 | 0.5799 | 0.9998 | 29.42 | 19.48 | 25.0% | 0.2081 | 0.5377
21 | 0.7655 | 0.5402 | 0.4469 | 0.5546 | 0.5740 | 0.9998 | 37.99 | 23.32 | 25.6% | 0.1702 | 0.5204
22 | 0.7654 | 0.5758 | 0.4782 | 0.5753 | 0.6318 | 0.9998 | 40.80 | 21.96 | 21.1% | 0.1576 | 0.5619
23 | 0.7644 | 0.5681 | 0.4715 | 0.5688 | 0.6194 | 0.9997 | 37.76 | 21.58 | 21.9% | 0.1619 | 0.5530
24 | 0.7626 | 0.5685 | 0.4744 | 0.5878 | 0.5963 | 0.9998 | 34.40 | 20.73 | 23.3% | 0.1801 | 0.5464
25 | 0.7608 | 0.5534 | 0.4527 | 0.5605 | 0.6026 | 0.9997 | 40.11 | 22.28 | 21.9% | 0.1422 | 0.5362
26 | 0.7596 | 0.5779 | 0.4838 | 0.6117 | 0.5937 | 0.9998 | 33.68 | 20.40 | 22.4% | 0.1961 | 0.5518
27 | 0.7569 | 0.5894 | 0.4911 | 0.5758 | 0.6621 | 0.9997 | 39.32 | 20.53 | 19.6% | 0.1571 | 0.5809
28 | 0.7548 | 0.5802 | 0.4811 | 0.5909 | 0.6188 | 0.9998 | 36.12 | 19.99 | 21.0% | 0.1691 | 0.5600
29 | 0.7529 | 0.5604 | 0.4677 | 0.6089 | 0.5628 | 0.9999 | 29.50 | 18.09 | 24.8% | 0.2149 | 0.5303
30 | 0.7512 | 0.5654 | 0.4733 | 0.5946 | 0.5871 | 0.9998 | 33.53 | 21.20 | 24.3% | 0.1846 | 0.5419
31 | 0.7489 | 0.5656 | 0.4703 | 0.6027 | 0.5791 | 0.9998 | 33.85 | 20.39 | 23.3% | 0.1869 | 0.5384
32 | 0.7467 | 0.5871 | 0.4873 | 0.5898 | 0.6379 | 0.9998 | 36.47 | 19.89 | 20.1% | 0.1677 | 0.5707
33 | 0.7456 | 0.5833 | 0.4876 | 0.6017 | 0.6114 | 0.9998 | 34.37 | 19.80 | 21.6% | 0.1924 | 0.5607
34 | 0.7435 | 0.5849 | 0.4878 | 0.6021 | 0.6172 | 0.9998 | 34.45 | 20.33 | 21.0% | 0.1888 | 0.5633
35 | 0.7423 | 0.5851 | 0.4902 | 0.6091 | 0.6080 | 0.9998 | 34.52 | 20.75 | 22.0% | 0.1983 | 0.5611
36 | 0.7418 | 0.5821 | 0.4866 | 0.6084 | 0.6038 | 0.9998 | 34.39 | 20.54 | 21.8% | 0.1859 | 0.5575
37 | 0.7404 | 0.5820 | 0.4870 | 0.6158 | 0.5964 | 0.9998 | 33.71 | 19.92 | 22.0% | 0.1961 | 0.5551
38 | 0.7398 | 0.5820 | 0.4870 | 0.6121 | 0.6013 | 0.9998 | 33.81 | 20.07 | 22.0% | 0.1977 | 0.5568
39 | 0.7386 | 0.5879 | 0.4914 | 0.6146 | 0.6113 | 0.9998 | 34.55 | 20.00 | 20.6% | 0.1920 | 0.5635
40 | 0.7383 | 0.5883 | 0.4914 | 0.6112 | 0.6159 | 0.9998 | 35.44 | 20.21 | 20.6% | 0.1904 | 0.5652
