Epoch | Loss | 3DAll | 3DNod | 3DRaw | CleanOK | 2DAll | 2DTumor | FA | FPcomp | Detect | Precision | Sensitivity | FailRate | Gate
01 | 1.0409 | 0.2586 | 0.0990 | 0.0972 | 95% | 0.8168 | 0.1707 | 0.1370 | 0.14 | 7.5% | 0.1751 | 0.2250 | 71.1% | 0/0.8/2.5
02 | 0.9899 | 0.3070 | 0.2318 | 0.1028 | 63% | 0.3133 | 0.4068 | 0.6934 | 0.48 | 33.6% | 0.3412 | 0.6425 | 28.5% | 0/0.998/2.5
03 | 0.4593 | 0.1881 | 0.0000 | 0.1881 | 100% | 0.9333 | 0.0000 | 0.0000 | 0.00 | 0.0% | 0.0000 | 0.0000 | 100.0% | 0/0.0/0.0
04 | 0.3482 | 0.1881 | 0.0000 | 0.1881 | 100% | 0.9333 | 0.0000 | 0.0000 | 0.00 | 0.0% | 0.0000 | 0.0000 | 100.0% | 0/0.0/0.0
05 | 0.3430 | 0.1881 | 0.0000 | 0.1881 | 100% | 0.9333 | 0.0000 | 0.0000 | 0.00 | 0.0% | 0.0000 | 0.0000 | 100.0% | 0/0.0/0.0
06 | 0.2908 | 0.3487 | 0.2100 | 0.3338 | 95% | 0.9427 | 0.2207 | 0.0057 | 0.21 | 22.9% | 0.2461 | 0.2183 | 71.5% | 0/0.0/4.0
07 | 0.2458 | 0.4489 | 0.3455 | 0.4197 | 89% | 0.9407 | 0.3560 | 0.0176 | 0.39 | 42.1% | 0.3741 | 0.3739 | 53.9% | 0/0.0/3.0
08 | 0.2335 | 0.4949 | 0.4023 | 0.3947 | 89% | 0.9350 | 0.4206 | 0.0282 | 0.31 | 45.3% | 0.4340 | 0.4497 | 44.8% | 0/0.99/2.5
09 | 0.2247 | 0.4813 | 0.4343 | 0.4357 | 68% | 0.9345 | 0.4262 | 0.0291 | 0.88 | 56.5% | 0.4379 | 0.4558 | 44.7% | 0/0.95/4.0
10 | 0.2208 | 0.4911 | 0.3854 | 0.4295 | 95% | 0.9343 | 0.4571 | 0.0316 | 0.29 | 43.9% | 0.4691 | 0.4848 | 40.9% | 0/0.99/2.0
11 | 0.2201 | 0.5168 | 0.4414 | 0.4295 | 84% | 0.9346 | 0.4700 | 0.0322 | 0.42 | 51.4% | 0.4838 | 0.4966 | 38.9% | 0/0.99/2.5
12 | 0.2162 | 0.5316 | 0.4718 | 0.4324 | 79% | 0.9340 | 0.4738 | 0.0331 | 0.91 | 63.6% | 0.4865 | 0.4987 | 39.0% | 0/0.97/4.0
13 | 0.2123 | 0.5342 | 0.4629 | 0.4331 | 84% | 0.9314 | 0.4924 | 0.0373 | 0.49 | 55.6% | 0.5021 | 0.5226 | 36.7% | 0/0.99/2.5
14 | 0.2114 | 0.5465 | 0.4780 | 0.4213 | 84% | 0.9310 | 0.4974 | 0.0380 | 0.33 | 54.7% | 0.5089 | 0.5266 | 36.1% | 35/0.99/2.5
15 | 0.2080 | 0.5410 | 0.4834 | 0.4291 | 79% | 0.9315 | 0.5062 | 0.0381 | 0.45 | 57.5% | 0.5140 | 0.5382 | 35.1% | 0/0.99/2.5
16 | 0.2056 | 0.5355 | 0.4645 | 0.4229 | 84% | 0.9310 | 0.5072 | 0.0387 | 0.52 | 58.9% | 0.5154 | 0.5369 | 34.9% | 0/0.99/2.5
17 | 0.2037 | 0.5505 | 0.4829 | 0.3933 | 84% | 0.9285 | 0.5083 | 0.0415 | 0.50 | 58.9% | 0.5191 | 0.5364 | 34.4% | 0/0.99/2.5
18 | 0.2044 | 0.5565 | 0.4782 | 0.4049 | 89% | 0.9310 | 0.5123 | 0.0391 | 0.36 | 57.0% | 0.5199 | 0.5439 | 34.2% | 35/0.99/2.5
19 | 0.1987 | 0.5589 | 0.4811 | 0.4204 | 89% | 0.9306 | 0.5166 | 0.0398 | 0.33 | 57.5% | 0.5227 | 0.5493 | 33.4% | 35/0.99/2.5
20 | 0.1953 | 0.5380 | 0.4919 | 0.4187 | 74% | 0.9286 | 0.5314 | 0.0430 | 0.48 | 62.1% | 0.5385 | 0.5641 | 32.0% | 35/0.0/2.5
21 | 0.1952 | 0.5484 | 0.5048 | 0.4258 | 74% | 0.9315 | 0.5394 | 0.0405 | 0.45 | 58.4% | 0.5474 | 0.5707 | 31.6% | 0/0.995/2.5
22 | 0.1925 | 0.5534 | 0.4866 | 0.4203 | 84% | 0.9300 | 0.5392 | 0.0421 | 0.33 | 54.7% | 0.5518 | 0.5690 | 31.4% | 0/0.995/2.0
23 | 0.1889 | 0.5616 | 0.5088 | 0.4374 | 79% | 0.9322 | 0.5449 | 0.0402 | 0.47 | 58.9% | 0.5588 | 0.5714 | 31.1% | 0/0.995/2.5
24 | 0.1882 | 0.5480 | 0.5043 | 0.4328 | 74% | 0.9319 | 0.5463 | 0.0406 | 0.45 | 58.9% | 0.5629 | 0.5720 | 30.7% | 0/0.995/2.5
25 | 0.1843 | 0.5546 | 0.5368 | 0.4343 | 63% | 0.9327 | 0.5513 | 0.0401 | 0.70 | 68.7% | 0.5714 | 0.5734 | 30.2% | 0/0.99/3.0
26 | 0.1838 | 0.5738 | 0.5360 | 0.4490 | 74% | 0.9325 | 0.5570 | 0.0406 | 0.39 | 62.6% | 0.5737 | 0.5821 | 29.6% | 35/0.99/2.5
27 | 0.1815 | 0.5723 | 0.5342 | 0.4129 | 74% | 0.9309 | 0.5557 | 0.0423 | 0.46 | 61.2% | 0.5783 | 0.5783 | 29.4% | 0/0.995/2.5
28 | 0.1784 | 0.5729 | 0.5350 | 0.4042 | 74% | 0.9288 | 0.5649 | 0.0452 | 0.45 | 64.0% | 0.5833 | 0.5894 | 28.2% | 0/0.995/2.5
29 | 0.1780 | 0.5633 | 0.5475 | 0.4138 | 63% | 0.9306 | 0.5667 | 0.0434 | 0.53 | 67.3% | 0.5848 | 0.5908 | 28.1% | 15/0.99/2.5
30 | 0.1762 | 0.5561 | 0.5386 | 0.4214 | 63% | 0.9313 | 0.5698 | 0.0429 | 0.45 | 65.9% | 0.5866 | 0.5937 | 27.8% | 35/0.0/2.5
31 | 0.1734 | 0.5839 | 0.5363 | 0.4133 | 79% | 0.9300 | 0.5668 | 0.0440 | 0.44 | 65.4% | 0.5861 | 0.5930 | 27.7% | 15/0.995/2.5
32 | 0.1745 | 0.5742 | 0.5487 | 0.4182 | 68% | 0.9312 | 0.5707 | 0.0430 | 0.61 | 68.7% | 0.5886 | 0.5937 | 27.7% | 0/0.995/3.0
33 | 0.1696 | 0.5544 | 0.5366 | 0.4134 | 63% | 0.9299 | 0.5695 | 0.0443 | 0.47 | 66.4% | 0.5868 | 0.5938 | 28.0% | 35/0.995/3.0
34 | 0.1709 | 0.5652 | 0.5621 | 0.4134 | 58% | 0.9286 | 0.5777 | 0.0463 | 0.78 | 73.8% | 0.5975 | 0.6000 | 26.8% | 0/0.99/3.0
35 | 0.1680 | 0.5593 | 0.5425 | 0.4057 | 63% | 0.9288 | 0.5811 | 0.0463 | 0.37 | 64.0% | 0.5999 | 0.6049 | 26.4% | 35/0.995/2.5
36 | 0.1654 | 0.5473 | 0.5399 | 0.4211 | 58% | 0.9299 | 0.5834 | 0.0453 | 0.64 | 71.0% | 0.6034 | 0.6085 | 25.9% | 0/0.99/2.5
37 | 0.1663 | 0.5646 | 0.5491 | 0.4193 | 63% | 0.9293 | 0.5838 | 0.0461 | 0.58 | 70.6% | 0.6052 | 0.6095 | 25.7% | 0/0.995/3.0
38 | 0.1641 | 0.5764 | 0.5392 | 0.4112 | 74% | 0.9299 | 0.5837 | 0.0453 | 0.36 | 64.0% | 0.6021 | 0.6077 | 26.2% | 35/0.995/2.5
39 | 0.1647 | 0.5821 | 0.5463 | 0.4124 | 74% | 0.9298 | 0.5830 | 0.0455 | 0.39 | 63.1% | 0.6024 | 0.6078 | 26.1% | 35/0.995/2.5
40 | 0.1620 | 0.5777 | 0.5287 | 0.4250 | 79% | 0.9302 | 0.5810 | 0.0449 | 0.31 | 60.3% | 0.6020 | 0.6046 | 26.3% | 35/0.998/2.5
41 | 0.1610 | 0.5838 | 0.5118 | 0.4266 | 89% | 0.9298 | 0.5844 | 0.0455 | 0.24 | 58.4% | 0.6044 | 0.6089 | 25.7% | 0/0.998/2.0
42 | 0.1593 | 0.5743 | 0.5244 | 0.4279 | 79% | 0.9299 | 0.5864 | 0.0455 | 0.36 | 61.2% | 0.6045 | 0.6103 | 25.9% | 15/0.998/2.5
43 | 0.1605 | 0.5726 | 0.5102 | 0.4139 | 84% | 0.9294 | 0.5861 | 0.0461 | 0.31 | 59.3% | 0.6030 | 0.6114 | 25.8% | 35/0.998/2.5
44 | 0.1569 | 0.5709 | 0.5080 | 0.4071 | 84% | 0.9284 | 0.5888 | 0.0474 | 0.33 | 59.8% | 0.6064 | 0.6120 | 25.5% | 35/0.998/2.5
45 | 0.1551 | 0.5677 | 0.4919 | 0.4075 | 89% | 0.9298 | 0.5878 | 0.0458 | 0.21 | 56.5% | 0.6054 | 0.6109 | 25.7% | 35/0.998/2.0
46 | 0.1542 | 0.5649 | 0.5128 | 0.4134 | 79% | 0.9303 | 0.5917 | 0.0455 | 0.32 | 61.7% | 0.6111 | 0.6152 | 25.0% | 35/0.998/2.5
47 | 0.1534 | 0.5414 | 0.4839 | 0.4066 | 79% | 0.9276 | 0.5938 | 0.0485 | 0.22 | 58.4% | 0.6126 | 0.6169 | 24.9% | 35/0.998/2.0
48 | 0.1530 | 0.5575 | 0.5281 | 0.4069 | 68% | 0.9278 | 0.5963 | 0.0485 | 0.45 | 65.4% | 0.6169 | 0.6194 | 24.4% | 35/0.995/2.5
49 | 0.1504 | 0.5579 | 0.5286 | 0.4084 | 68% | 0.9283 | 0.5938 | 0.0478 | 0.43 | 64.5% | 0.6120 | 0.6170 | 24.8% | 35/0.995/2.5
50 | 0.1512 | 0.5635 | 0.5477 | 0.4077 | 63% | 0.9272 | 0.5964 | 0.0492 | 0.42 | 65.0% | 0.6194 | 0.6174 | 24.2% | 35/0.995/2.5
51 | 0.1504 | 0.5645 | 0.5246 | 0.4106 | 74% | 0.9289 | 0.5921 | 0.0471 | 0.33 | 61.7% | 0.6145 | 0.6129 | 24.8% | 35/0.998/2.5
52 | 0.1505 | 0.5642 | 0.5364 | 0.4109 | 68% | 0.9288 | 0.5895 | 0.0469 | 0.41 | 63.6% | 0.6125 | 0.6106 | 25.1% | 35/0.995/2.5
53 | 0.1490 | 0.5626 | 0.5344 | 0.4089 | 68% | 0.9279 | 0.5906 | 0.0480 | 0.42 | 63.6% | 0.6115 | 0.6123 | 25.0% | 35/0.995/2.5
54 | 0.1496 | 0.5641 | 0.5362 | 0.4072 | 68% | 0.9288 | 0.5904 | 0.0470 | 0.38 | 64.0% | 0.6123 | 0.6120 | 25.0% | 35/0.995/2.5
55 | 0.1488 | 0.5542 | 0.5363 | 0.4091 | 63% | 0.9292 | 0.5904 | 0.0466 | 0.38 | 64.5% | 0.6102 | 0.6114 | 25.3% | 35/0.995/2.5
56 | 0.1496 | 0.5552 | 0.5375 | 0.4085 | 63% | 0.9288 | 0.5891 | 0.0469 | 0.39 | 64.5% | 0.6095 | 0.6097 | 25.5% | 35/0.995/2.5
57 | 0.1484 | 0.5552 | 0.5375 | 0.4114 | 63% | 0.9301 | 0.5878 | 0.0455 | 0.39 | 64.5% | 0.6074 | 0.6085 | 25.6% | 35/0.995/2.5
58 | 0.1471 | 0.5669 | 0.5397 | 0.4106 | 68% | 0.9297 | 0.5888 | 0.0459 | 0.37 | 64.5% | 0.6082 | 0.6099 | 25.5% | 35/0.995/2.5
59 | 0.1478 | 0.5649 | 0.5373 | 0.4097 | 68% | 0.9293 | 0.5885 | 0.0463 | 0.37 | 64.5% | 0.6086 | 0.6097 | 25.6% | 35/0.995/2.5
60 | 0.1475 | 0.5647 | 0.5370 | 0.4096 | 68% | 0.9294 | 0.5889 | 0.0462 | 0.37 | 64.0% | 0.6097 | 0.6099 | 25.2% | 35/0.995/2.5
