Epoch | Loss | 3DAll | 3DNod | 3DRaw | CleanOK | 2DAll | 2DTumor | FA | FPcomp | Detect | Precision | Sensitivity | FailRate | Gate
01 | 1.1444 | 0.1881 | 0.0000 | 0.0000 | 100% | 0.0000 | 0.0004 | 1.0000 | 0.00 | 0.0% | 0.0003 | 0.0020 | 100.0% | 0/0.995/0.0
02 | 1.0956 | 0.1881 | 0.0000 | 0.0000 | 100% | 0.0000 | 0.0000 | 1.0000 | 0.00 | 0.0% | 0.0000 | 0.0000 | 100.0% | 0/0.95/0.0
03 | 1.0537 | 0.1881 | 0.0000 | 0.0000 | 100% | 0.0001 | 0.0000 | 0.9999 | 0.00 | 0.0% | 0.0000 | 0.0000 | 100.0% | 0/0.7/0.0
04 | 1.0240 | 0.2850 | 0.1559 | 0.1130 | 84% | 0.7537 | 0.2148 | 0.2078 | 0.27 | 13.6% | 0.2166 | 0.2927 | 63.7% | 0/0.9/4.0
05 | 1.0066 | 0.3040 | 0.1549 | 0.1178 | 95% | 0.6333 | 0.3108 | 0.3436 | 0.11 | 13.1% | 0.2685 | 0.4961 | 43.2% | 0/0.998/4.0
06 | 0.9955 | 0.3369 | 0.2076 | 0.1168 | 89% | 0.5144 | 0.3585 | 0.4745 | 0.29 | 23.8% | 0.2966 | 0.5938 | 33.7% | 0/0.995/3.0
07 | 0.9825 | 0.3492 | 0.2228 | 0.1056 | 89% | 0.2252 | 0.3928 | 0.7868 | 0.29 | 26.6% | 0.3145 | 0.6783 | 25.6% | 0/0.9997/3.0
08 | 0.9541 | 0.2985 | 0.2335 | 0.0944 | 58% | 0.0542 | 0.4304 | 0.9727 | 0.29 | 29.0% | 0.3419 | 0.7274 | 20.3% | 0/0.9997/2.0
09 | 0.4852 | 0.3092 | 0.1614 | 0.2693 | 95% | 0.9324 | 0.1650 | 0.0127 | 0.22 | 15.9% | 0.2122 | 0.1629 | 76.4% | 35/0.0/4.0
10 | 0.3498 | 0.1881 | 0.0000 | 0.1881 | 100% | 0.9333 | 0.0000 | 0.0000 | 0.00 | 0.0% | 0.0000 | 0.0000 | 100.0% | 0/0.0/0.0
11 | 0.3495 | 0.1881 | 0.0000 | 0.1881 | 100% | 0.9333 | 0.0000 | 0.0000 | 0.00 | 0.0% | 0.0000 | 0.0000 | 100.0% | 0/0.0/0.0
12 | 0.3472 | 0.1881 | 0.0000 | 0.1881 | 100% | 0.9333 | 0.0000 | 0.0000 | 0.01 | 0.0% | 0.0000 | 0.0000 | 100.0% | 0/0.0/0.0
13 | 0.3455 | 0.1881 | 0.0000 | 0.1881 | 100% | 0.9333 | 0.0000 | 0.0000 | 0.00 | 0.0% | 0.0000 | 0.0000 | 100.0% | 0/0.0/0.0
14 | 0.2994 | 0.2628 | 0.1042 | 0.2487 | 95% | 0.9363 | 0.1028 | 0.0042 | 0.09 | 14.0% | 0.1540 | 0.0878 | 84.2% | 0/0.7/4.0
15 | 0.2741 | 0.3508 | 0.2248 | 0.3306 | 89% | 0.9364 | 0.2225 | 0.0126 | 0.25 | 24.3% | 0.2656 | 0.2149 | 70.0% | 0/0.95/4.0
16 | 0.2644 | 0.3983 | 0.2832 | 0.3153 | 89% | 0.9322 | 0.2824 | 0.0214 | 0.37 | 30.4% | 0.3247 | 0.2811 | 62.4% | 0/0.99/4.0
17 | 0.2587 | 0.4233 | 0.3018 | 0.3389 | 95% | 0.9296 | 0.3200 | 0.0268 | 0.35 | 34.6% | 0.3581 | 0.3210 | 57.5% | 0/0.95/3.0
18 | 0.2547 | 0.4344 | 0.3034 | 0.3608 | 100% | 0.9291 | 0.3420 | 0.0290 | 0.25 | 34.6% | 0.3844 | 0.3429 | 54.8% | 0/0.99/3.0
19 | 0.2505 | 0.4353 | 0.3044 | 0.3592 | 100% | 0.9288 | 0.3503 | 0.0298 | 0.26 | 34.6% | 0.3868 | 0.3475 | 54.5% | 0/0.99/3.0
20 | 0.2454 | 0.4403 | 0.3594 | 0.3615 | 79% | 0.9294 | 0.3598 | 0.0299 | 0.68 | 47.2% | 0.3987 | 0.3585 | 52.6% | 15/0.95/4.0
21 | 0.2428 | 0.4386 | 0.3573 | 0.3573 | 79% | 0.9283 | 0.3681 | 0.0317 | 0.52 | 43.5% | 0.4041 | 0.3687 | 51.6% | 0/0.99/4.0
22 | 0.2413 | 0.4439 | 0.3638 | 0.3362 | 79% | 0.9279 | 0.3860 | 0.0334 | 0.53 | 45.3% | 0.4230 | 0.3856 | 49.4% | 0/0.99/4.0
23 | 0.2386 | 0.4524 | 0.3377 | 0.3281 | 95% | 0.9264 | 0.4002 | 0.0360 | 0.30 | 39.3% | 0.4387 | 0.3997 | 47.7% | 35/0.95/2.5
24 | 0.2361 | 0.4644 | 0.3769 | 0.3243 | 84% | 0.9279 | 0.4002 | 0.0344 | 0.49 | 45.3% | 0.4313 | 0.4003 | 48.4% | 0/0.99/4.0
25 | 0.2324 | 0.4849 | 0.3899 | 0.3185 | 89% | 0.9283 | 0.4094 | 0.0347 | 0.48 | 45.8% | 0.4397 | 0.4108 | 47.4% | 0/0.99/4.0
26 | 0.2304 | 0.4714 | 0.4099 | 0.3291 | 74% | 0.9278 | 0.4161 | 0.0357 | 0.69 | 51.9% | 0.4466 | 0.4188 | 46.4% | 0/0.97/4.0
27 | 0.2286 | 0.4627 | 0.3748 | 0.3321 | 84% | 0.9245 | 0.4183 | 0.0393 | 0.35 | 40.2% | 0.4500 | 0.4217 | 45.7% | 0/0.99/3.0
28 | 0.2269 | 0.4540 | 0.3519 | 0.3457 | 89% | 0.9246 | 0.4170 | 0.0392 | 0.31 | 42.1% | 0.4495 | 0.4200 | 45.8% | 15/0.97/2.5
29 | 0.2224 | 0.4567 | 0.3674 | 0.3445 | 84% | 0.9245 | 0.4120 | 0.0389 | 0.51 | 43.5% | 0.4431 | 0.4169 | 46.6% | 0/0.99/4.0
30 | 0.2243 | 0.4535 | 0.3635 | 0.3495 | 84% | 0.9257 | 0.4083 | 0.0373 | 0.49 | 42.5% | 0.4382 | 0.4132 | 47.1% | 0/0.99/4.0
31 | 0.2205 | 0.4510 | 0.3604 | 0.3386 | 84% | 0.9259 | 0.4140 | 0.0376 | 0.39 | 41.1% | 0.4447 | 0.4191 | 46.0% | 35/0.97/3.0
32 | 0.2196 | 0.4563 | 0.3669 | 0.3228 | 84% | 0.9258 | 0.4142 | 0.0377 | 0.37 | 38.3% | 0.4463 | 0.4185 | 46.2% | 0/0.99/3.0
33 | 0.2136 | 0.4589 | 0.3701 | 0.3350 | 84% | 0.9259 | 0.4153 | 0.0376 | 0.38 | 39.3% | 0.4487 | 0.4171 | 46.2% | 0/0.99/3.0
34 | 0.2149 | 0.4601 | 0.3715 | 0.3297 | 84% | 0.9257 | 0.4153 | 0.0379 | 0.34 | 39.3% | 0.4502 | 0.4164 | 45.9% | 0/0.99/3.0
35 | 0.2120 | 0.4552 | 0.3656 | 0.3327 | 84% | 0.9259 | 0.4139 | 0.0375 | 0.32 | 38.3% | 0.4477 | 0.4170 | 46.0% | 0/0.99/3.0
36 | 0.2111 | 0.4600 | 0.3959 | 0.3274 | 74% | 0.9258 | 0.4155 | 0.0378 | 0.65 | 49.5% | 0.4469 | 0.4185 | 46.0% | 0/0.95/3.0
37 | 0.2103 | 0.4668 | 0.3798 | 0.3281 | 84% | 0.9272 | 0.4176 | 0.0364 | 0.48 | 43.5% | 0.4544 | 0.4198 | 45.4% | 0/0.99/4.0
38 | 0.2072 | 0.4659 | 0.3665 | 0.3297 | 89% | 0.9279 | 0.4182 | 0.0356 | 0.40 | 44.4% | 0.4474 | 0.4199 | 46.0% | 35/0.97/3.0
39 | 0.2057 | 0.4686 | 0.3576 | 0.3312 | 95% | 0.9281 | 0.4172 | 0.0354 | 0.27 | 41.6% | 0.4495 | 0.4193 | 45.7% | 35/0.97/2.5
40 | 0.2034 | 0.4638 | 0.3396 | 0.3397 | 100% | 0.9269 | 0.4167 | 0.0366 | 0.13 | 34.1% | 0.4507 | 0.4189 | 46.0% | 0/0.995/2.5
41 | 0.2016 | 0.4747 | 0.3774 | 0.3250 | 89% | 0.9267 | 0.4216 | 0.0373 | 0.35 | 40.7% | 0.4591 | 0.4222 | 45.1% | 0/0.99/3.0
42 | 0.1995 | 0.4768 | 0.3799 | 0.3334 | 89% | 0.9254 | 0.4224 | 0.0387 | 0.37 | 42.5% | 0.4619 | 0.4234 | 44.7% | 0/0.99/3.0
43 | 0.1996 | 0.4668 | 0.3798 | 0.3319 | 84% | 0.9251 | 0.4239 | 0.0391 | 0.36 | 43.0% | 0.4570 | 0.4263 | 45.0% | 0/0.99/3.0
44 | 0.1990 | 0.4603 | 0.3597 | 0.3208 | 89% | 0.9247 | 0.4201 | 0.0392 | 0.23 | 38.3% | 0.4539 | 0.4228 | 45.5% | 0/0.995/3.0
45 | 0.1960 | 0.4544 | 0.3767 | 0.3188 | 79% | 0.9265 | 0.4171 | 0.0371 | 0.36 | 42.1% | 0.4507 | 0.4198 | 45.6% | 0/0.99/3.0
46 | 0.1965 | 0.4572 | 0.3436 | 0.3196 | 95% | 0.9256 | 0.4184 | 0.0382 | 0.15 | 35.5% | 0.4529 | 0.4200 | 45.5% | 35/0.995/2.5
47 | 0.1953 | 0.4572 | 0.3436 | 0.3215 | 95% | 0.9257 | 0.4197 | 0.0381 | 0.23 | 36.4% | 0.4544 | 0.4203 | 45.3% | 35/0.99/2.5
48 | 0.1927 | 0.4636 | 0.3515 | 0.3230 | 95% | 0.9266 | 0.4188 | 0.0371 | 0.19 | 36.0% | 0.4513 | 0.4200 | 45.7% | 35/0.99/2.5
49 | 0.1920 | 0.4614 | 0.3488 | 0.3224 | 95% | 0.9276 | 0.4155 | 0.0358 | 0.19 | 36.4% | 0.4503 | 0.4163 | 45.8% | 35/0.99/2.5
50 | 0.1903 | 0.4559 | 0.3420 | 0.3160 | 95% | 0.9273 | 0.4163 | 0.0361 | 0.12 | 34.6% | 0.4514 | 0.4176 | 45.8% | 0/0.995/2.5
51 | 0.1907 | 0.4573 | 0.3437 | 0.3208 | 95% | 0.9274 | 0.4191 | 0.0363 | 0.18 | 36.0% | 0.4553 | 0.4189 | 45.6% | 35/0.99/2.5
52 | 0.1890 | 0.4566 | 0.3429 | 0.3259 | 95% | 0.9285 | 0.4190 | 0.0351 | 0.19 | 36.0% | 0.4519 | 0.4186 | 45.9% | 0/0.99/2.5
53 | 0.1897 | 0.4617 | 0.3492 | 0.3257 | 95% | 0.9281 | 0.4188 | 0.0355 | 0.16 | 36.0% | 0.4549 | 0.4176 | 45.7% | 35/0.99/2.5
54 | 0.1881 | 0.4569 | 0.3433 | 0.3232 | 95% | 0.9276 | 0.4162 | 0.0359 | 0.08 | 35.0% | 0.4509 | 0.4156 | 46.1% | 0/0.995/2.5
55 | 0.1865 | 0.4599 | 0.3470 | 0.3230 | 95% | 0.9281 | 0.4160 | 0.0354 | 0.18 | 36.0% | 0.4517 | 0.4152 | 46.0% | 0/0.99/2.5
56 | 0.1858 | 0.4623 | 0.3499 | 0.3233 | 95% | 0.9289 | 0.4150 | 0.0343 | 0.18 | 36.4% | 0.4489 | 0.4143 | 46.4% | 0/0.99/2.5
57 | 0.1865 | 0.4612 | 0.3485 | 0.3222 | 95% | 0.9294 | 0.4141 | 0.0338 | 0.18 | 36.0% | 0.4486 | 0.4134 | 46.6% | 0/0.99/2.5
58 | 0.1862 | 0.4570 | 0.3434 | 0.3224 | 95% | 0.9289 | 0.4138 | 0.0342 | 0.16 | 35.5% | 0.4499 | 0.4130 | 46.6% | 0/0.99/2.5
59 | 0.1851 | 0.4568 | 0.3431 | 0.3224 | 95% | 0.9293 | 0.4130 | 0.0338 | 0.15 | 35.5% | 0.4508 | 0.4122 | 46.2% | 35/0.99/2.5
60 | 0.1850 | 0.4591 | 0.3460 | 0.3233 | 95% | 0.9297 | 0.4113 | 0.0333 | 0.14 | 35.5% | 0.4474 | 0.4105 | 46.7% | 35/0.99/2.5
