Epoch | Loss | 3DAll | 3DNod | 3DRaw | CleanOK | 2DAll | 2DTumor | FA | FPcomp | Detect | Precision | Sensitivity | FailRate | Gate
01 | 1.6328 | 0.1881 | 0.0000 | 0.0000 | 100% | 0.0000 | 0.0002 | 1.0000 | 0.00 | 0.0% | 0.0001 | 0.0011 | 100.0% | 0/0.998/0.0
02 | 1.5346 | 0.1881 | 0.0000 | 0.0000 | 100% | 0.0000 | 0.0003 | 1.0000 | 0.02 | 0.0% | 0.0002 | 0.0006 | 99.8% | 0/0.998/2.0
03 | 1.4055 | 0.1881 | 0.0000 | 0.0000 | 100% | 0.0000 | 0.0000 | 1.0000 | 0.00 | 0.0% | 0.0000 | 0.0000 | 100.0% | 0/0.95/2.0
04 | 1.2726 | 0.1881 | 0.0000 | 0.0000 | 100% | 0.0000 | 0.0000 | 1.0000 | 0.00 | 0.0% | 0.0000 | 0.0000 | 100.0% | 0/0.998/0.0
05 | 0.9859 | 0.1881 | 0.0000 | 0.1881 | 100% | 0.9333 | 0.0000 | 0.0000 | 0.00 | 0.0% | 0.0000 | 0.0000 | 100.0% | 0/0.0/0.0
06 | 0.3515 | 0.1881 | 0.0000 | 0.1881 | 100% | 0.9333 | 0.0000 | 0.0000 | 0.00 | 0.0% | 0.0000 | 0.0000 | 100.0% | 0/0.0/0.0
07 | 0.3490 | 0.1881 | 0.0000 | 0.1881 | 100% | 0.9333 | 0.0000 | 0.0000 | 0.00 | 0.0% | 0.0000 | 0.0000 | 100.0% | 0/0.0/0.0
08 | 0.3467 | 0.1881 | 0.0000 | 0.1881 | 100% | 0.9333 | 0.0000 | 0.0000 | 0.00 | 0.0% | 0.0000 | 0.0000 | 100.0% | 0/0.0/0.0
09 | 0.3391 | 0.1881 | 0.0000 | 0.1881 | 100% | 0.9333 | 0.0000 | 0.0000 | 0.00 | 0.0% | 0.0000 | 0.0000 | 100.0% | 0/0.0/0.0
10 | 0.3337 | 0.1881 | 0.0000 | 0.1881 | 100% | 0.9333 | 0.0000 | 0.0000 | 0.00 | 0.0% | 0.0000 | 0.0000 | 100.0% | 0/0.0/0.0
11 | 0.3270 | 0.1881 | 0.0000 | 0.1881 | 100% | 0.9333 | 0.0000 | 0.0000 | 0.00 | 0.0% | 0.0000 | 0.0000 | 100.0% | 0/0.0/0.0
12 | 0.3188 | 0.1881 | 0.0000 | 0.1881 | 100% | 0.9333 | 0.0000 | 0.0000 | 0.00 | 0.0% | 0.0000 | 0.0000 | 100.0% | 0/0.0/0.0
13 | 0.3060 | 0.1881 | 0.0000 | 0.1881 | 100% | 0.9333 | 0.0000 | 0.0000 | 0.00 | 0.0% | 0.0000 | 0.0000 | 100.0% | 0/0.0/0.0
14 | 0.2928 | 0.1881 | 0.0000 | 0.1881 | 100% | 0.9333 | 0.0000 | 0.0000 | 0.00 | 0.0% | 0.0000 | 0.0000 | 100.0% | 0/0.0/0.0
15 | 0.2812 | 0.1881 | 0.0000 | 0.1881 | 100% | 0.9333 | 0.0000 | 0.0000 | 0.00 | 0.0% | 0.0000 | 0.0000 | 100.0% | 0/0.0/0.0
16 | 0.2720 | 0.4177 | 0.3072 | 0.3177 | 89% | 0.9345 | 0.2852 | 0.0191 | 0.48 | 37.4% | 0.3393 | 0.2750 | 60.5% | 15/0.0/4.0
17 | 0.2665 | 0.4277 | 0.3195 | 0.3344 | 89% | 0.9341 | 0.3080 | 0.0212 | 0.39 | 36.0% | 0.3471 | 0.3095 | 58.6% | 35/0.0/4.0
18 | 0.2622 | 0.4288 | 0.3208 | 0.3260 | 89% | 0.9333 | 0.3205 | 0.0229 | 0.39 | 36.9% | 0.3549 | 0.3241 | 57.3% | 35/0.7/4.0
19 | 0.2584 | 0.4202 | 0.3224 | 0.3096 | 84% | 0.9322 | 0.3319 | 0.0249 | 0.43 | 37.9% | 0.3594 | 0.3375 | 56.4% | 35/0.0/4.0
20 | 0.2541 | 0.4289 | 0.3088 | 0.3222 | 95% | 0.9319 | 0.3481 | 0.0264 | 0.34 | 34.6% | 0.3754 | 0.3520 | 54.5% | 15/0.0/2.5
21 | 0.2514 | 0.4196 | 0.3339 | 0.3295 | 79% | 0.9316 | 0.3532 | 0.0271 | 0.49 | 40.2% | 0.3844 | 0.3556 | 53.8% | 35/0.0/4.0
22 | 0.2514 | 0.4002 | 0.2856 | 0.3338 | 89% | 0.9309 | 0.3503 | 0.0276 | 0.16 | 30.4% | 0.3765 | 0.3540 | 54.5% | 70/0.0/2.5
23 | 0.2470 | 0.4070 | 0.3183 | 0.3446 | 79% | 0.9303 | 0.3611 | 0.0291 | 0.41 | 36.4% | 0.3857 | 0.3669 | 53.1% | 0/0.8/2.5
24 | 0.2463 | 0.4131 | 0.3503 | 0.3362 | 68% | 0.9301 | 0.3649 | 0.0295 | 0.81 | 46.7% | 0.3908 | 0.3709 | 52.7% | 15/0.8/4.0
25 | 0.2429 | 0.4245 | 0.3399 | 0.3340 | 79% | 0.9310 | 0.3677 | 0.0288 | 0.49 | 42.5% | 0.3922 | 0.3730 | 52.4% | 35/0.0/4.0
26 | 0.2411 | 0.4388 | 0.3453 | 0.3455 | 84% | 0.9301 | 0.3724 | 0.0300 | 0.59 | 42.5% | 0.3980 | 0.3763 | 51.8% | 0/0.9/4.0
27 | 0.2391 | 0.4267 | 0.3426 | 0.3416 | 79% | 0.9309 | 0.3724 | 0.0291 | 0.41 | 41.6% | 0.4016 | 0.3748 | 51.6% | 0/0.9/3.0
28 | 0.2364 | 0.4439 | 0.3516 | 0.3569 | 84% | 0.9310 | 0.3758 | 0.0294 | 0.43 | 42.5% | 0.4052 | 0.3784 | 51.0% | 0/0.9/3.0
29 | 0.2346 | 0.4401 | 0.3348 | 0.3505 | 89% | 0.9304 | 0.3751 | 0.0299 | 0.25 | 37.4% | 0.4039 | 0.3786 | 51.2% | 35/0.0/2.5
30 | 0.2348 | 0.4217 | 0.3243 | 0.3388 | 84% | 0.9297 | 0.3758 | 0.0307 | 0.28 | 36.4% | 0.4031 | 0.3779 | 51.5% | 35/0.9/2.5
31 | 0.2328 | 0.4225 | 0.3253 | 0.3267 | 84% | 0.9294 | 0.3777 | 0.0312 | 0.30 | 36.4% | 0.4059 | 0.3799 | 51.2% | 35/0.0/2.5
32 | 0.2301 | 0.4223 | 0.3128 | 0.3248 | 89% | 0.9281 | 0.3775 | 0.0325 | 0.17 | 32.2% | 0.4109 | 0.3794 | 50.8% | 70/0.0/2.5
33 | 0.2283 | 0.4268 | 0.3306 | 0.3305 | 84% | 0.9294 | 0.3825 | 0.0315 | 0.32 | 37.4% | 0.4119 | 0.3856 | 50.3% | 35/0.9/2.5
34 | 0.2272 | 0.4386 | 0.3573 | 0.3418 | 79% | 0.9278 | 0.3847 | 0.0334 | 0.58 | 43.0% | 0.4117 | 0.3890 | 50.3% | 35/0.9/4.0
35 | 0.2257 | 0.4441 | 0.3641 | 0.3360 | 79% | 0.9284 | 0.3905 | 0.0332 | 0.57 | 43.5% | 0.4161 | 0.3956 | 49.4% | 35/0.9/4.0
36 | 0.2231 | 0.4531 | 0.3507 | 0.3319 | 89% | 0.9277 | 0.3896 | 0.0338 | 0.33 | 39.3% | 0.4169 | 0.3950 | 49.4% | 35/0.9/2.5
37 | 0.2223 | 0.4510 | 0.3604 | 0.3377 | 84% | 0.9278 | 0.3951 | 0.0341 | 0.39 | 41.1% | 0.4222 | 0.4010 | 48.9% | 35/0.9/3.0
38 | 0.2213 | 0.4477 | 0.3319 | 0.3393 | 95% | 0.9280 | 0.4004 | 0.0343 | 0.20 | 33.6% | 0.4287 | 0.4062 | 47.7% | 70/0.0/2.5
39 | 0.2196 | 0.4553 | 0.3413 | 0.3400 | 95% | 0.9278 | 0.4013 | 0.0346 | 0.17 | 34.1% | 0.4274 | 0.4078 | 48.0% | 70/0.0/2.5
40 | 0.2177 | 0.4508 | 0.3358 | 0.3547 | 95% | 0.9278 | 0.4029 | 0.0347 | 0.31 | 36.0% | 0.4247 | 0.4105 | 48.1% | 0/0.95/3.0
41 | 0.2163 | 0.4616 | 0.3491 | 0.3521 | 95% | 0.9292 | 0.4000 | 0.0330 | 0.16 | 36.9% | 0.4224 | 0.4059 | 48.6% | 0/0.95/2.5
42 | 0.2152 | 0.4581 | 0.3569 | 0.3419 | 89% | 0.9281 | 0.4014 | 0.0343 | 0.29 | 38.3% | 0.4267 | 0.4060 | 48.2% | 35/0.95/3.0
43 | 0.2159 | 0.4690 | 0.3703 | 0.3513 | 89% | 0.9278 | 0.3991 | 0.0345 | 0.33 | 39.7% | 0.4240 | 0.4038 | 48.7% | 0/0.95/3.0
44 | 0.2125 | 0.4635 | 0.3635 | 0.3406 | 89% | 0.9275 | 0.3994 | 0.0348 | 0.34 | 39.7% | 0.4246 | 0.4035 | 48.4% | 0/0.95/3.0
45 | 0.2122 | 0.4600 | 0.3592 | 0.3425 | 89% | 0.9272 | 0.4052 | 0.0355 | 0.32 | 39.3% | 0.4277 | 0.4103 | 47.9% | 35/0.9/2.5
46 | 0.2107 | 0.4566 | 0.3551 | 0.3421 | 89% | 0.9274 | 0.4019 | 0.0350 | 0.22 | 38.3% | 0.4279 | 0.4061 | 48.0% | 0/0.95/2.5
47 | 0.2096 | 0.4636 | 0.3637 | 0.3360 | 89% | 0.9268 | 0.4051 | 0.0360 | 0.22 | 39.7% | 0.4313 | 0.4093 | 47.6% | 0/0.95/2.5
48 | 0.2067 | 0.4630 | 0.3629 | 0.3367 | 89% | 0.9273 | 0.4076 | 0.0355 | 0.23 | 39.7% | 0.4327 | 0.4110 | 47.5% | 0/0.95/2.5
49 | 0.2076 | 0.4649 | 0.3653 | 0.3528 | 89% | 0.9264 | 0.4080 | 0.0366 | 0.22 | 39.3% | 0.4320 | 0.4124 | 47.4% | 0/0.95/2.5
50 | 0.2057 | 0.4632 | 0.3755 | 0.3525 | 84% | 0.9257 | 0.4085 | 0.0373 | 0.40 | 41.6% | 0.4338 | 0.4125 | 47.4% | 0/0.95/3.0
51 | 0.2056 | 0.4724 | 0.3745 | 0.3297 | 89% | 0.9259 | 0.4076 | 0.0371 | 0.39 | 42.5% | 0.4357 | 0.4113 | 47.3% | 0/0.95/3.0
52 | 0.2051 | 0.4789 | 0.3826 | 0.3327 | 89% | 0.9274 | 0.4049 | 0.0353 | 0.37 | 43.0% | 0.4304 | 0.4090 | 47.9% | 0/0.95/3.0
53 | 0.2053 | 0.4667 | 0.3798 | 0.3425 | 84% | 0.9272 | 0.4037 | 0.0354 | 0.34 | 43.0% | 0.4281 | 0.4084 | 48.0% | 35/0.95/3.0
54 | 0.2046 | 0.4760 | 0.3789 | 0.3416 | 89% | 0.9267 | 0.4040 | 0.0360 | 0.31 | 42.5% | 0.4306 | 0.4088 | 47.9% | 35/0.95/3.0
55 | 0.2029 | 0.4739 | 0.3764 | 0.3521 | 89% | 0.9270 | 0.4028 | 0.0356 | 0.31 | 42.1% | 0.4276 | 0.4080 | 48.1% | 35/0.95/3.0
56 | 0.2023 | 0.4723 | 0.3744 | 0.3419 | 89% | 0.9277 | 0.4022 | 0.0348 | 0.34 | 42.1% | 0.4274 | 0.4070 | 48.1% | 35/0.95/3.0
57 | 0.2021 | 0.4792 | 0.3830 | 0.3526 | 89% | 0.9286 | 0.3999 | 0.0336 | 0.36 | 43.5% | 0.4266 | 0.4045 | 48.4% | 0/0.95/3.0
58 | 0.2023 | 0.4671 | 0.3802 | 0.3428 | 84% | 0.9289 | 0.4001 | 0.0333 | 0.36 | 42.1% | 0.4247 | 0.4049 | 48.4% | 0/0.95/3.0
59 | 0.2018 | 0.4629 | 0.3506 | 0.3428 | 95% | 0.9289 | 0.3996 | 0.0333 | 0.19 | 39.3% | 0.4241 | 0.4047 | 48.4% | 35/0.95/2.5
60 | 0.2008 | 0.4669 | 0.3800 | 0.3315 | 84% | 0.9279 | 0.4013 | 0.0345 | 0.38 | 42.5% | 0.4269 | 0.4066 | 48.2% | 0/0.95/3.0
