Epoch | Loss | 3DAll | 3DNod | 3DRaw | CleanOK | 2DAll | 2DTumor | FA | FPcomp | Detect | Precision | Sensitivity | FailRate | Gate
01 | 1.1445 | 0.1881 | 0.0000 | 0.0000 | 100% | 0.0000 | 0.0004 | 1.0000 | 0.00 | 0.0% | 0.0003 | 0.0016 | 100.0% | 0/0.995/0.0
02 | 1.0956 | 0.1881 | 0.0000 | 0.0000 | 100% | 0.0000 | 0.0000 | 1.0000 | 0.00 | 0.0% | 0.0000 | 0.0000 | 100.0% | 0/0.99/0.0
03 | 1.0537 | 0.1881 | 0.0000 | 0.0000 | 100% | 0.0000 | 0.0000 | 1.0000 | 0.00 | 0.0% | 0.0000 | 0.0000 | 100.0% | 0/0.7/0.0
04 | 1.0240 | 0.2859 | 0.1326 | 0.1132 | 95% | 0.2432 | 0.2110 | 0.7545 | 0.21 | 9.8% | 0.2164 | 0.2795 | 65.0% | 0/0.95/0.0
05 | 1.0055 | 0.3090 | 0.1610 | 0.1328 | 95% | 0.6779 | 0.3234 | 0.2968 | 0.15 | 14.5% | 0.2881 | 0.4761 | 45.3% | 0/0.998/4.0
06 | 0.9929 | 0.3393 | 0.2107 | 0.1343 | 89% | 0.5637 | 0.3562 | 0.4215 | 0.26 | 21.0% | 0.3287 | 0.5129 | 39.2% | 0/0.9993/3.0
07 | 0.9769 | 0.3175 | 0.1960 | 0.1255 | 84% | 0.4351 | 0.3823 | 0.5611 | 0.22 | 21.5% | 0.3465 | 0.5528 | 34.4% | 0/0.9993/2.0
08 | 0.8299 | 0.2831 | 0.1902 | 0.1207 | 68% | 0.4122 | 0.3764 | 0.5852 | 0.76 | 23.4% | 0.3222 | 0.5805 | 33.7% | 0/0.9997/1.8
09 | 0.2540 | 0.3565 | 0.2927 | 0.2368 | 63% | 0.8703 | 0.3387 | 0.0917 | 0.67 | 34.6% | 0.3498 | 0.3936 | 51.8% | 0/0.9997/3.0
10 | 0.1971 | 0.3729 | 0.2763 | 0.2542 | 79% | 0.9053 | 0.3013 | 0.0516 | 0.66 | 33.6% | 0.3446 | 0.3170 | 58.3% | 35/0.998/4.0
11 | 0.1647 | 0.3653 | 0.2548 | 0.2349 | 84% | 0.9161 | 0.2597 | 0.0370 | 0.44 | 26.6% | 0.3009 | 0.2645 | 64.8% | 0/0.97/2.5
12 | 0.1496 | 0.3560 | 0.2190 | 0.2377 | 95% | 0.9197 | 0.2442 | 0.0320 | 0.21 | 21.0% | 0.2817 | 0.2434 | 67.5% | 35/0.995/2.5
13 | 0.1381 | 0.3568 | 0.2321 | 0.2405 | 89% | 0.9230 | 0.2280 | 0.0273 | 0.29 | 21.5% | 0.2588 | 0.2282 | 70.2% | 0/0.99/2.5
14 | 0.1287 | 0.3562 | 0.2193 | 0.2656 | 95% | 0.9244 | 0.2185 | 0.0252 | 0.25 | 20.1% | 0.2534 | 0.2175 | 70.9% | 0/0.99/2.5
15 | 0.1244 | 0.3422 | 0.2020 | 0.2907 | 95% | 0.9259 | 0.2088 | 0.0228 | 0.17 | 19.2% | 0.2399 | 0.2069 | 72.6% | 0/0.995/2.5
16 | 0.1198 | 0.3336 | 0.2157 | 0.2825 | 84% | 0.9273 | 0.1952 | 0.0204 | 0.27 | 20.6% | 0.2262 | 0.1931 | 73.9% | 0/0.998/4.0
17 | 0.1157 | 0.3336 | 0.1914 | 0.2569 | 95% | 0.9268 | 0.2026 | 0.0214 | 0.12 | 17.3% | 0.2327 | 0.2010 | 73.2% | 35/0.99/2.5
18 | 0.1123 | 0.3428 | 0.1906 | 0.2744 | 100% | 0.9288 | 0.1980 | 0.0190 | 0.10 | 16.8% | 0.2307 | 0.1929 | 74.3% | 0/0.995/2.5
19 | 0.1089 | 0.3405 | 0.1998 | 0.2769 | 95% | 0.9301 | 0.1963 | 0.0175 | 0.15 | 19.2% | 0.2332 | 0.1893 | 73.9% | 0/0.995/3.0
20 | 0.1046 | 0.3330 | 0.2151 | 0.2798 | 84% | 0.9294 | 0.1978 | 0.0183 | 0.25 | 22.0% | 0.2322 | 0.1917 | 73.8% | 0/0.998/4.0
21 | 0.1039 | 0.3532 | 0.2155 | 0.2871 | 95% | 0.9303 | 0.1901 | 0.0168 | 0.28 | 21.5% | 0.2252 | 0.1838 | 75.1% | 0/0.995/4.0
22 | 0.1023 | 0.3264 | 0.2191 | 0.2550 | 79% | 0.9291 | 0.1832 | 0.0176 | 0.52 | 22.4% | 0.2190 | 0.1773 | 75.7% | 0/0.998/0.0
23 | 0.0974 | 0.3262 | 0.1822 | 0.2796 | 95% | 0.9312 | 0.1817 | 0.0153 | 0.11 | 16.8% | 0.2144 | 0.1764 | 76.3% | 0/0.999/3.0
24 | 0.0962 | 0.3217 | 0.1645 | 0.2783 | 100% | 0.9314 | 0.1733 | 0.0145 | 0.06 | 14.0% | 0.2013 | 0.1693 | 77.4% | 0/0.9993/2.5
25 | 0.0931 | 0.3218 | 0.1890 | 0.2693 | 89% | 0.9332 | 0.1700 | 0.0122 | 0.12 | 17.3% | 0.1995 | 0.1664 | 78.0% | 0/0.9993/4.0
26 | 0.0925 | 0.3224 | 0.1898 | 0.2665 | 89% | 0.9333 | 0.1705 | 0.0122 | 0.17 | 18.7% | 0.1983 | 0.1663 | 77.4% | 0/0.995/4.0
27 | 0.0917 | 0.3241 | 0.1796 | 0.2787 | 95% | 0.9324 | 0.1698 | 0.0131 | 0.15 | 16.8% | 0.2049 | 0.1651 | 77.4% | 15/0.99/3.0
28 | 0.0896 | 0.3196 | 0.1864 | 0.2667 | 89% | 0.9337 | 0.1624 | 0.0112 | 0.47 | 20.1% | 0.1965 | 0.1559 | 78.0% | 0/0.998/0.0
29 | 0.0864 | 0.3249 | 0.1807 | 0.2967 | 95% | 0.9339 | 0.1562 | 0.0106 | 0.18 | 19.6% | 0.1892 | 0.1492 | 78.9% | 15/0.0/4.0
30 | 0.0853 | 0.3224 | 0.1898 | 0.2703 | 89% | 0.9346 | 0.1603 | 0.0101 | 0.42 | 20.1% | 0.1924 | 0.1551 | 78.9% | 35/0.995/0.0
31 | 0.0836 | 0.3223 | 0.1896 | 0.2457 | 89% | 0.9352 | 0.1577 | 0.0092 | 0.29 | 19.6% | 0.1843 | 0.1520 | 79.2% | 35/0.998/0.0
32 | 0.0813 | 0.3152 | 0.1688 | 0.2540 | 95% | 0.9350 | 0.1539 | 0.0092 | 0.18 | 16.4% | 0.1825 | 0.1474 | 79.6% | 35/0.9997/0.0
33 | 0.0802 | 0.3186 | 0.1729 | 0.2516 | 95% | 0.9348 | 0.1470 | 0.0089 | 0.27 | 16.8% | 0.1798 | 0.1402 | 80.3% | 35/0.998/0.0
34 | 0.0781 | 0.3158 | 0.1694 | 0.2515 | 95% | 0.9340 | 0.1367 | 0.0091 | 0.29 | 17.8% | 0.1679 | 0.1302 | 81.6% | 0/0.9993/0.0
35 | 0.0762 | 0.3143 | 0.1555 | 0.2568 | 100% | 0.9348 | 0.1314 | 0.0078 | 0.23 | 15.0% | 0.1621 | 0.1258 | 82.7% | 0/0.9997/0.0
36 | 0.0756 | 0.3095 | 0.1495 | 0.2680 | 100% | 0.9353 | 0.1342 | 0.0074 | 0.06 | 13.6% | 0.1637 | 0.1278 | 82.1% | 0/0.9997/4.0
37 | 0.0740 | 0.3099 | 0.1743 | 0.2522 | 89% | 0.9353 | 0.1394 | 0.0078 | 0.41 | 21.5% | 0.1700 | 0.1318 | 81.5% | 15/0.95/0.0
38 | 0.0726 | 0.3152 | 0.1810 | 0.2887 | 89% | 0.9356 | 0.1407 | 0.0076 | 0.42 | 18.7% | 0.1696 | 0.1334 | 81.3% | 0/0.995/0.0
39 | 0.0711 | 0.3191 | 0.1735 | 0.3006 | 95% | 0.9359 | 0.1393 | 0.0072 | 0.20 | 15.9% | 0.1662 | 0.1320 | 81.8% | 0/0.0/4.0
40 | 0.0695 | 0.3201 | 0.1748 | 0.2921 | 95% | 0.9357 | 0.1302 | 0.0068 | 0.28 | 17.3% | 0.1573 | 0.1230 | 83.2% | 0/0.999/0.0
41 | 0.0691 | 0.3183 | 0.1726 | 0.2884 | 95% | 0.9354 | 0.1257 | 0.0067 | 0.33 | 19.2% | 0.1550 | 0.1187 | 83.3% | 0/0.995/0.0
42 | 0.0681 | 0.3162 | 0.1699 | 0.2865 | 95% | 0.9350 | 0.1247 | 0.0071 | 0.27 | 18.7% | 0.1568 | 0.1173 | 83.3% | 0/0.9993/0.0
43 | 0.0670 | 0.3114 | 0.1640 | 0.2723 | 95% | 0.9354 | 0.1219 | 0.0065 | 0.41 | 19.6% | 0.1491 | 0.1140 | 83.8% | 15/0.97/0.0
44 | 0.0652 | 0.2991 | 0.1489 | 0.2569 | 95% | 0.9349 | 0.1167 | 0.0066 | 0.23 | 16.4% | 0.1484 | 0.1080 | 84.0% | 0/0.9997/0.0
45 | 0.0640 | 0.2950 | 0.1561 | 0.2473 | 89% | 0.9350 | 0.1183 | 0.0067 | 0.28 | 17.3% | 0.1523 | 0.1092 | 83.9% | 35/0.0/0.0
46 | 0.0632 | 0.2941 | 0.1427 | 0.2507 | 95% | 0.9351 | 0.1143 | 0.0062 | 0.21 | 15.0% | 0.1501 | 0.1058 | 84.1% | 35/0.9997/0.0
47 | 0.0619 | 0.2947 | 0.1435 | 0.2484 | 95% | 0.9352 | 0.1119 | 0.0059 | 0.25 | 16.4% | 0.1481 | 0.1033 | 84.1% | 35/0.0/0.0
48 | 0.0610 | 0.2942 | 0.1429 | 0.2562 | 95% | 0.9353 | 0.1092 | 0.0057 | 0.24 | 16.4% | 0.1429 | 0.1005 | 84.8% | 35/0.0/0.0
49 | 0.0598 | 0.2896 | 0.1372 | 0.2642 | 95% | 0.9352 | 0.1073 | 0.0056 | 0.25 | 15.0% | 0.1415 | 0.0984 | 85.3% | 35/0.0/0.0
50 | 0.0595 | 0.2903 | 0.1381 | 0.2642 | 95% | 0.9353 | 0.1072 | 0.0055 | 0.29 | 14.5% | 0.1431 | 0.0982 | 84.9% | 0/0.9993/0.0
51 | 0.0590 | 0.2908 | 0.1386 | 0.2642 | 95% | 0.9355 | 0.1063 | 0.0053 | 0.26 | 15.0% | 0.1434 | 0.0975 | 85.4% | 15/0.999/0.0
52 | 0.0583 | 0.2902 | 0.1380 | 0.2650 | 95% | 0.9354 | 0.1066 | 0.0054 | 0.26 | 14.0% | 0.1432 | 0.0979 | 85.1% | 15/0.9997/0.0
53 | 0.0578 | 0.2891 | 0.1366 | 0.2628 | 95% | 0.9353 | 0.1041 | 0.0053 | 0.27 | 14.5% | 0.1421 | 0.0951 | 85.1% | 15/0.9993/0.0
54 | 0.0573 | 0.2842 | 0.1305 | 0.2590 | 95% | 0.9352 | 0.0999 | 0.0051 | 0.26 | 14.0% | 0.1375 | 0.0914 | 85.8% | 15/0.9993/0.0
55 | 0.0569 | 0.2836 | 0.1298 | 0.2583 | 95% | 0.9351 | 0.0989 | 0.0051 | 0.26 | 14.0% | 0.1333 | 0.0905 | 86.0% | 15/0.9993/0.0
56 | 0.0565 | 0.2825 | 0.1285 | 0.2564 | 95% | 0.9350 | 0.0967 | 0.0051 | 0.25 | 14.5% | 0.1311 | 0.0887 | 86.3% | 15/0.9993/0.0
57 | 0.0564 | 0.2819 | 0.1277 | 0.2556 | 95% | 0.9351 | 0.0957 | 0.0050 | 0.25 | 14.0% | 0.1298 | 0.0878 | 86.6% | 15/0.9997/0.0
58 | 0.0560 | 0.2817 | 0.1274 | 0.2552 | 95% | 0.9351 | 0.0954 | 0.0049 | 0.23 | 14.0% | 0.1285 | 0.0875 | 86.6% | 15/0.9997/0.0
59 | 0.0559 | 0.2814 | 0.1270 | 0.2546 | 95% | 0.9350 | 0.0949 | 0.0050 | 0.23 | 14.0% | 0.1284 | 0.0871 | 86.8% | 15/0.9997/0.0
60 | 0.0560 | 0.2813 | 0.1270 | 0.2545 | 95% | 0.9350 | 0.0947 | 0.0050 | 0.23 | 14.0% | 0.1277 | 0.0870 | 86.8% | 15/0.9997/0.0
