Epoch | Loss | 3DAll | 3DNod | 3DRaw | CleanOK | 2DAll | 2DTumor | FA | FPcomp | Detect | Precision | Sensitivity | FailRate | Gate
01 | 1.1050 | 0.1881 | 0.0000 | 0.0000 | 100% | 0.0000 | 0.0000 | 1.0000 | 0.00 | 0.0% | 0.0000 | 0.0001 | 100.0% | 0/0.9/0.0
02 | 1.0676 | 0.1881 | 0.0000 | 0.0003 | 100% | 0.0001 | 0.0010 | 1.0000 | 0.00 | 0.0% | 0.0029 | 0.0007 | 99.7% | 0/0.9/0.0
03 | 1.0289 | 0.1881 | 0.0000 | 0.0000 | 100% | 0.0001 | 0.0000 | 0.9999 | 0.25 | 0.0% | 0.0000 | 0.0000 | 100.0% | 0/0.95/4.0
04 | 0.4934 | 0.1881 | 0.0000 | 0.1881 | 100% | 0.9333 | 0.0000 | 0.0000 | 0.00 | 0.0% | 0.0000 | 0.0000 | 100.0% | 0/0.0/0.0
05 | 0.3494 | 0.1881 | 0.0000 | 0.1881 | 100% | 0.9333 | 0.0000 | 0.0000 | 0.00 | 0.0% | 0.0000 | 0.0000 | 100.0% | 0/0.0/0.0
06 | 0.3491 | 0.1881 | 0.0000 | 0.1881 | 100% | 0.9333 | 0.0000 | 0.0000 | 0.00 | 0.0% | 0.0000 | 0.0000 | 100.0% | 0/0.0/0.0
07 | 0.3489 | 0.1881 | 0.0000 | 0.1881 | 100% | 0.9333 | 0.0000 | 0.0000 | 0.00 | 0.0% | 0.0000 | 0.0000 | 100.0% | 0/0.0/0.0
08 | 0.3467 | 0.1881 | 0.0000 | 0.1881 | 100% | 0.9333 | 0.0000 | 0.0000 | 0.00 | 0.0% | 0.0000 | 0.0000 | 100.0% | 0/0.0/0.0
09 | 0.3425 | 0.1881 | 0.0000 | 0.1881 | 100% | 0.9333 | 0.0000 | 0.0000 | 0.00 | 0.0% | 0.0000 | 0.0000 | 100.0% | 0/0.0/0.0
10 | 0.3247 | 0.1881 | 0.0000 | 0.1881 | 100% | 0.9333 | 0.0000 | 0.0000 | 0.00 | 0.0% | 0.0000 | 0.0000 | 100.0% | 0/0.0/0.0
11 | 0.2980 | 0.1881 | 0.0000 | 0.1881 | 100% | 0.9333 | 0.0000 | 0.0000 | 0.00 | 0.0% | 0.0000 | 0.0000 | 100.0% | 0/0.0/0.0
12 | 0.2758 | 0.3596 | 0.2234 | 0.2968 | 95% | 0.9393 | 0.2449 | 0.0111 | 0.15 | 24.8% | 0.3476 | 0.2119 | 62.5% | 35/0.0/3.0
13 | 0.2586 | 0.4190 | 0.2844 | 0.3230 | 100% | 0.9383 | 0.3322 | 0.0183 | 0.12 | 29.0% | 0.3751 | 0.3355 | 54.6% | 70/0.0/2.5
14 | 0.2479 | 0.4461 | 0.3543 | 0.3556 | 84% | 0.9365 | 0.3693 | 0.0229 | 0.30 | 39.7% | 0.3986 | 0.3839 | 50.7% | 15/0.0/2.5
15 | 0.2379 | 0.4393 | 0.3337 | 0.3607 | 89% | 0.9347 | 0.4005 | 0.0272 | 0.19 | 36.4% | 0.4268 | 0.4238 | 46.0% | 35/0.0/2.0
16 | 0.2312 | 0.4728 | 0.4116 | 0.3576 | 74% | 0.9340 | 0.4278 | 0.0298 | 0.49 | 48.1% | 0.4511 | 0.4568 | 42.2% | 0/0.8/3.0
17 | 0.2252 | 0.4889 | 0.4437 | 0.3695 | 68% | 0.9353 | 0.4467 | 0.0297 | 0.60 | 55.6% | 0.4679 | 0.4741 | 39.9% | 15/0.0/3.0
18 | 0.2231 | 0.4971 | 0.4416 | 0.3701 | 74% | 0.9331 | 0.4631 | 0.0334 | 0.55 | 56.5% | 0.4889 | 0.4860 | 38.2% | 0/0.8/2.5
19 | 0.2175 | 0.5060 | 0.4525 | 0.3704 | 74% | 0.9321 | 0.4651 | 0.0346 | 0.59 | 57.5% | 0.4966 | 0.4779 | 38.2% | 0/0.8/2.5
20 | 0.2133 | 0.5154 | 0.4519 | 0.3808 | 79% | 0.9325 | 0.4778 | 0.0350 | 0.42 | 54.2% | 0.5018 | 0.4988 | 36.4% | 35/0.0/2.5
21 | 0.2130 | 0.5154 | 0.4520 | 0.3934 | 79% | 0.9322 | 0.4836 | 0.0358 | 0.50 | 56.1% | 0.5158 | 0.4978 | 36.1% | 0/0.9/3.0
22 | 0.2068 | 0.5323 | 0.4849 | 0.3935 | 74% | 0.9331 | 0.4910 | 0.0354 | 0.57 | 59.3% | 0.5186 | 0.5095 | 34.9% | 15/0.9/2.5
23 | 0.2031 | 0.5193 | 0.4933 | 0.4074 | 63% | 0.9334 | 0.4981 | 0.0355 | 0.70 | 63.1% | 0.5206 | 0.5188 | 34.6% | 15/0.0/2.5
24 | 0.2018 | 0.5211 | 0.4711 | 0.3988 | 74% | 0.9336 | 0.4974 | 0.0353 | 0.50 | 57.0% | 0.5229 | 0.5181 | 34.5% | 35/0.0/2.5
25 | 0.1994 | 0.5286 | 0.4560 | 0.4094 | 84% | 0.9342 | 0.4944 | 0.0344 | 0.50 | 56.5% | 0.5275 | 0.5068 | 34.2% | 35/0.0/3.0
26 | 0.1985 | 0.5286 | 0.4682 | 0.4135 | 79% | 0.9349 | 0.4985 | 0.0339 | 0.40 | 56.1% | 0.5262 | 0.5133 | 34.2% | 35/0.9/2.5
27 | 0.1952 | 0.5256 | 0.4888 | 0.4179 | 68% | 0.9349 | 0.5063 | 0.0345 | 1.00 | 65.4% | 0.5313 | 0.5228 | 33.5% | 0/0.0/2.5
28 | 0.1938 | 0.5304 | 0.4826 | 0.4152 | 74% | 0.9359 | 0.5014 | 0.0331 | 0.62 | 59.8% | 0.5303 | 0.5137 | 33.8% | 15/0.9/2.5
29 | 0.1907 | 0.5496 | 0.4940 | 0.4192 | 79% | 0.9341 | 0.5104 | 0.0356 | 0.50 | 55.6% | 0.5361 | 0.5272 | 32.8% | 0/0.9/2.0
30 | 0.1892 | 0.5313 | 0.4715 | 0.4316 | 79% | 0.9350 | 0.5118 | 0.0348 | 0.50 | 54.2% | 0.5422 | 0.5241 | 32.6% | 0/0.9/2.0
31 | 0.1859 | 0.5535 | 0.4745 | 0.4313 | 89% | 0.9341 | 0.5130 | 0.0358 | 0.26 | 52.3% | 0.5364 | 0.5300 | 32.8% | 0/0.95/2.0
32 | 0.1860 | 0.5483 | 0.4924 | 0.4281 | 79% | 0.9331 | 0.5146 | 0.0370 | 0.51 | 57.5% | 0.5386 | 0.5334 | 32.5% | 0/0.9/2.0
33 | 0.1833 | 0.5481 | 0.4921 | 0.4287 | 79% | 0.9315 | 0.5200 | 0.0391 | 0.70 | 64.5% | 0.5433 | 0.5390 | 31.6% | 15/0.9/2.5
34 | 0.1815 | 0.5420 | 0.4603 | 0.4396 | 89% | 0.9323 | 0.5151 | 0.0379 | 0.39 | 55.6% | 0.5391 | 0.5362 | 32.0% | 35/0.95/2.5
35 | 0.1794 | 0.5444 | 0.4876 | 0.4525 | 79% | 0.9321 | 0.5197 | 0.0385 | 0.50 | 60.3% | 0.5406 | 0.5416 | 31.9% | 35/0.9/2.5
36 | 0.1782 | 0.5522 | 0.4850 | 0.4500 | 84% | 0.9322 | 0.5261 | 0.0388 | 0.51 | 59.8% | 0.5440 | 0.5482 | 31.3% | 35/0.0/2.5
37 | 0.1758 | 0.5443 | 0.4753 | 0.4242 | 84% | 0.9321 | 0.5207 | 0.0385 | 0.50 | 58.4% | 0.5407 | 0.5417 | 31.9% | 35/0.0/2.5
38 | 0.1755 | 0.5369 | 0.4906 | 0.4130 | 74% | 0.9328 | 0.5197 | 0.0377 | 0.81 | 65.0% | 0.5403 | 0.5413 | 31.8% | 0/0.9/2.5
39 | 0.1733 | 0.5422 | 0.4605 | 0.4191 | 89% | 0.9333 | 0.5187 | 0.0371 | 0.54 | 58.9% | 0.5367 | 0.5439 | 32.0% | 0/0.95/2.5
40 | 0.1722 | 0.5428 | 0.4612 | 0.4233 | 89% | 0.9323 | 0.5289 | 0.0389 | 0.45 | 57.9% | 0.5443 | 0.5569 | 30.7% | 35/0.95/2.5
41 | 0.1694 | 0.5381 | 0.5043 | 0.4300 | 68% | 0.9328 | 0.5317 | 0.0386 | 0.87 | 66.8% | 0.5500 | 0.5597 | 30.1% | 15/0.8/2.5
42 | 0.1685 | 0.5463 | 0.4899 | 0.4186 | 79% | 0.9321 | 0.5302 | 0.0392 | 0.53 | 63.6% | 0.5444 | 0.5597 | 30.4% | 35/0.9/2.5
43 | 0.1680 | 0.5545 | 0.4879 | 0.4344 | 84% | 0.9337 | 0.5308 | 0.0375 | 0.54 | 63.6% | 0.5493 | 0.5590 | 30.1% | 35/0.9/2.5
44 | 0.1650 | 0.5500 | 0.4824 | 0.4339 | 84% | 0.9344 | 0.5311 | 0.0368 | 0.52 | 63.1% | 0.5491 | 0.5608 | 30.4% | 35/0.9/2.5
45 | 0.1635 | 0.5510 | 0.4835 | 0.4316 | 84% | 0.9342 | 0.5307 | 0.0369 | 0.50 | 61.7% | 0.5498 | 0.5606 | 30.5% | 35/0.0/2.5
46 | 0.1629 | 0.5564 | 0.4902 | 0.4320 | 84% | 0.9343 | 0.5311 | 0.0369 | 0.41 | 55.1% | 0.5427 | 0.5615 | 31.3% | 35/0.0/2.0
47 | 0.1613 | 0.5558 | 0.4894 | 0.4282 | 84% | 0.9333 | 0.5323 | 0.0380 | 0.57 | 64.0% | 0.5444 | 0.5628 | 30.7% | 35/0.0/2.5
48 | 0.1609 | 0.5490 | 0.4811 | 0.4304 | 84% | 0.9333 | 0.5312 | 0.0380 | 0.55 | 62.6% | 0.5435 | 0.5628 | 31.1% | 35/0.0/2.5
49 | 0.1602 | 0.5513 | 0.4839 | 0.4223 | 84% | 0.9331 | 0.5326 | 0.0383 | 0.55 | 63.1% | 0.5451 | 0.5640 | 31.1% | 35/0.0/2.5
50 | 0.1584 | 0.5565 | 0.4903 | 0.4299 | 84% | 0.9328 | 0.5318 | 0.0386 | 0.54 | 63.6% | 0.5449 | 0.5627 | 30.9% | 35/0.0/2.5
51 | 0.1576 | 0.5570 | 0.4787 | 0.4322 | 89% | 0.9342 | 0.5324 | 0.0371 | 0.50 | 61.2% | 0.5485 | 0.5613 | 31.0% | 35/0.95/2.5
52 | 0.1575 | 0.5571 | 0.5033 | 0.4325 | 79% | 0.9341 | 0.5330 | 0.0372 | 0.76 | 66.8% | 0.5496 | 0.5618 | 30.7% | 15/0.8/2.5
53 | 0.1573 | 0.5605 | 0.5075 | 0.4214 | 79% | 0.9339 | 0.5324 | 0.0374 | 0.73 | 66.8% | 0.5461 | 0.5617 | 30.9% | 15/0.8/2.5
54 | 0.1575 | 0.5541 | 0.4874 | 0.4220 | 84% | 0.9346 | 0.5295 | 0.0365 | 0.51 | 62.6% | 0.5423 | 0.5586 | 31.4% | 35/0.9/2.5
55 | 0.1561 | 0.5554 | 0.4768 | 0.4330 | 89% | 0.9347 | 0.5301 | 0.0364 | 0.39 | 57.9% | 0.5447 | 0.5593 | 31.4% | 35/0.9/2.0
56 | 0.1561 | 0.5454 | 0.4766 | 0.4320 | 84% | 0.9346 | 0.5296 | 0.0365 | 0.39 | 57.0% | 0.5453 | 0.5588 | 31.1% | 35/0.9/2.0
57 | 0.1555 | 0.5469 | 0.5029 | 0.4305 | 74% | 0.9346 | 0.5302 | 0.0366 | 0.73 | 66.8% | 0.5459 | 0.5591 | 31.2% | 15/0.0/2.5
58 | 0.1553 | 0.5469 | 0.5029 | 0.4312 | 74% | 0.9344 | 0.5322 | 0.0368 | 0.83 | 67.8% | 0.5489 | 0.5606 | 30.9% | 0/0.8/2.5
59 | 0.1550 | 0.5474 | 0.5035 | 0.4220 | 74% | 0.9340 | 0.5329 | 0.0373 | 0.83 | 68.2% | 0.5493 | 0.5613 | 30.7% | 0/0.8/2.5
60 | 0.1545 | 0.5540 | 0.5116 | 0.4231 | 74% | 0.9339 | 0.5336 | 0.0375 | 0.83 | 68.7% | 0.5501 | 0.5616 | 30.7% | 0/0.8/2.5
