Epoch | Loss | 3DAll | 3DNod | 3DRaw | CleanOK | 2DAll | 2DTumor | FA | FPcomp | Detect | Precision | Sensitivity | FailRate | Gate
01 | 1.0675 | 0.1881 | 0.0000 | 0.0297 | 100% | 0.7722 | 0.0000 | 0.1726 | 0.02 | 0.0% | 0.0000 | 0.0000 | 100.0% | 0/0.7/0.0
02 | 1.0147 | 0.3527 | 0.2149 | 0.1244 | 95% | 0.5847 | 0.3511 | 0.3986 | 0.23 | 22.9% | 0.3030 | 0.5308 | 39.6% | 0/0.95/2.5
03 | 0.7492 | 0.3983 | 0.2711 | 0.3180 | 95% | 0.9387 | 0.2718 | 0.0137 | 0.28 | 33.2% | 0.3216 | 0.2655 | 63.0% | 0/0.95/3.0
04 | 0.2806 | 0.4154 | 0.2921 | 0.3821 | 95% | 0.9365 | 0.3348 | 0.0205 | 0.17 | 29.9% | 0.3694 | 0.3352 | 56.1% | 0/0.99/2.0
05 | 0.2460 | 0.4864 | 0.4162 | 0.4206 | 79% | 0.9380 | 0.4088 | 0.0241 | 0.75 | 51.4% | 0.4431 | 0.4129 | 46.4% | 15/0.95/4.0
06 | 0.2290 | 0.5442 | 0.4752 | 0.4675 | 84% | 0.9360 | 0.4578 | 0.0299 | 0.56 | 56.5% | 0.4859 | 0.4667 | 40.4% | 0/0.97/2.5
07 | 0.2251 | 0.5297 | 0.4696 | 0.4233 | 79% | 0.9330 | 0.4796 | 0.0346 | 0.71 | 57.9% | 0.4992 | 0.4969 | 37.6% | 0/0.97/2.5
08 | 0.2176 | 0.5233 | 0.4495 | 0.4206 | 84% | 0.9329 | 0.4848 | 0.0350 | 0.56 | 52.3% | 0.5092 | 0.4967 | 36.9% | 0/0.97/2.0
09 | 0.2123 | 0.5402 | 0.4824 | 0.4278 | 79% | 0.9355 | 0.4941 | 0.0330 | 0.61 | 61.2% | 0.5135 | 0.5100 | 35.7% | 0/0.99/2.5
10 | 0.2073 | 0.5488 | 0.5053 | 0.3963 | 74% | 0.9312 | 0.5092 | 0.0387 | 0.65 | 64.0% | 0.5254 | 0.5266 | 34.2% | 0/0.995/2.5
11 | 0.2112 | 0.5362 | 0.4653 | 0.4094 | 84% | 0.9318 | 0.5170 | 0.0386 | 0.39 | 55.6% | 0.5360 | 0.5339 | 33.1% | 35/0.995/2.0
12 | 0.2011 | 0.5629 | 0.5104 | 0.4109 | 79% | 0.9333 | 0.5283 | 0.0377 | 0.49 | 63.6% | 0.5487 | 0.5442 | 31.4% | 35/0.995/2.5
13 | 0.1994 | 0.5569 | 0.4908 | 0.4328 | 84% | 0.9318 | 0.5346 | 0.0398 | 0.40 | 58.4% | 0.5532 | 0.5526 | 30.7% | 35/0.995/2.0
14 | 0.1994 | 0.5650 | 0.5008 | 0.4217 | 84% | 0.9319 | 0.5276 | 0.0392 | 0.51 | 57.9% | 0.5447 | 0.5440 | 31.8% | 0/0.995/2.0
15 | 0.1960 | 0.5657 | 0.5016 | 0.4594 | 84% | 0.9335 | 0.5288 | 0.0376 | 0.53 | 59.3% | 0.5431 | 0.5490 | 31.4% | 0/0.995/2.0
16 | 0.1910 | 0.5638 | 0.5359 | 0.4591 | 68% | 0.9327 | 0.5377 | 0.0391 | 0.83 | 68.7% | 0.5535 | 0.5614 | 30.0% | 15/0.99/2.5
17 | 0.1870 | 0.5768 | 0.5275 | 0.4385 | 79% | 0.9303 | 0.5528 | 0.0427 | 0.61 | 65.4% | 0.5697 | 0.5783 | 28.3% | 0/0.999/2.5
18 | 0.1876 | 0.5827 | 0.5226 | 0.4564 | 84% | 0.9315 | 0.5625 | 0.0421 | 0.56 | 63.6% | 0.5784 | 0.5857 | 28.4% | 0/0.9993/2.5
19 | 0.1816 | 0.5691 | 0.5058 | 0.4427 | 84% | 0.9329 | 0.5759 | 0.0416 | 0.44 | 59.3% | 0.5980 | 0.5963 | 26.7% | 35/0.999/2.0
20 | 0.1824 | 0.5953 | 0.5259 | 0.4531 | 89% | 0.9320 | 0.5777 | 0.0427 | 0.58 | 63.6% | 0.5999 | 0.5974 | 26.9% | 0/0.998/2.0
21 | 0.1798 | 0.6052 | 0.5503 | 0.4694 | 84% | 0.9333 | 0.5769 | 0.0412 | 0.78 | 70.6% | 0.6001 | 0.5976 | 26.8% | 0/0.998/2.5
22 | 0.1786 | 0.6091 | 0.5551 | 0.4626 | 84% | 0.9330 | 0.5831 | 0.0420 | 0.54 | 69.2% | 0.6052 | 0.6035 | 26.2% | 35/0.998/2.5
23 | 0.1753 | 0.6174 | 0.5409 | 0.4499 | 95% | 0.9291 | 0.5944 | 0.0469 | 0.60 | 65.4% | 0.6161 | 0.6171 | 24.6% | 0/0.998/2.0
24 | 0.1746 | 0.6085 | 0.5422 | 0.4483 | 89% | 0.9287 | 0.5938 | 0.0474 | 0.62 | 65.4% | 0.6164 | 0.6152 | 24.6% | 0/0.998/2.0
25 | 0.1699 | 0.6076 | 0.5410 | 0.4424 | 89% | 0.9287 | 0.5901 | 0.0471 | 0.67 | 66.8% | 0.6119 | 0.6106 | 25.0% | 0/0.998/2.0
26 | 0.1712 | 0.6231 | 0.5480 | 0.4427 | 95% | 0.9314 | 0.5992 | 0.0449 | 0.57 | 65.4% | 0.6259 | 0.6181 | 23.9% | 0/0.998/2.0
27 | 0.1693 | 0.6001 | 0.5440 | 0.4359 | 84% | 0.9280 | 0.5999 | 0.0486 | 0.50 | 62.6% | 0.6237 | 0.6205 | 23.7% | 0/0.999/2.0
28 | 0.1664 | 0.6140 | 0.5612 | 0.4419 | 84% | 0.9306 | 0.5954 | 0.0455 | 0.56 | 65.0% | 0.6188 | 0.6170 | 24.6% | 0/0.998/2.0
29 | 0.1651 | 0.6225 | 0.5594 | 0.4414 | 89% | 0.9311 | 0.5980 | 0.0451 | 0.37 | 63.6% | 0.6214 | 0.6179 | 24.3% | 35/0.998/2.0
30 | 0.1656 | 0.6125 | 0.5472 | 0.4298 | 89% | 0.9302 | 0.5999 | 0.0462 | 0.50 | 62.1% | 0.6259 | 0.6173 | 23.9% | 0/0.998/2.0
31 | 0.1608 | 0.6011 | 0.5452 | 0.4313 | 84% | 0.9306 | 0.6014 | 0.0459 | 0.44 | 61.7% | 0.6233 | 0.6215 | 23.9% | 0/0.999/2.0
32 | 0.1603 | 0.6151 | 0.5503 | 0.4417 | 89% | 0.9307 | 0.6009 | 0.0457 | 0.44 | 63.1% | 0.6207 | 0.6241 | 24.0% | 0/0.999/2.0
33 | 0.1585 | 0.6041 | 0.5612 | 0.4385 | 79% | 0.9314 | 0.6074 | 0.0455 | 0.47 | 66.4% | 0.6282 | 0.6292 | 23.4% | 35/0.999/2.5
34 | 0.1568 | 0.6249 | 0.5746 | 0.4492 | 84% | 0.9306 | 0.6086 | 0.0464 | 0.57 | 69.6% | 0.6273 | 0.6308 | 23.5% | 0/0.999/2.5
35 | 0.1556 | 0.6201 | 0.5687 | 0.4380 | 84% | 0.9297 | 0.6129 | 0.0477 | 0.44 | 68.2% | 0.6357 | 0.6330 | 22.6% | 35/0.999/2.5
36 | 0.1540 | 0.6120 | 0.5830 | 0.4429 | 74% | 0.9301 | 0.6158 | 0.0474 | 0.41 | 66.8% | 0.6381 | 0.6359 | 22.6% | 35/0.999/2.5
37 | 0.1545 | 0.6316 | 0.5828 | 0.4426 | 84% | 0.9316 | 0.6150 | 0.0457 | 0.47 | 67.8% | 0.6384 | 0.6351 | 22.4% | 0/0.9993/2.5
38 | 0.1522 | 0.6151 | 0.5625 | 0.4543 | 84% | 0.9318 | 0.6196 | 0.0459 | 0.44 | 64.0% | 0.6409 | 0.6399 | 22.4% | 0/0.999/2.0
39 | 0.1510 | 0.6252 | 0.5871 | 0.4633 | 79% | 0.9334 | 0.6180 | 0.0441 | 0.50 | 69.6% | 0.6392 | 0.6384 | 22.3% | 0/0.999/2.5
40 | 0.1507 | 0.6206 | 0.5815 | 0.4558 | 79% | 0.9315 | 0.6194 | 0.0462 | 0.51 | 70.6% | 0.6406 | 0.6408 | 22.2% | 0/0.999/2.5
41 | 0.1470 | 0.6313 | 0.5825 | 0.4467 | 84% | 0.9317 | 0.6217 | 0.0461 | 0.48 | 70.6% | 0.6432 | 0.6436 | 22.0% | 0/0.999/2.5
42 | 0.1478 | 0.6366 | 0.5890 | 0.4596 | 84% | 0.9326 | 0.6176 | 0.0449 | 0.42 | 68.7% | 0.6384 | 0.6392 | 22.5% | 0/0.999/2.5
43 | 0.1462 | 0.6272 | 0.5896 | 0.4474 | 79% | 0.9323 | 0.6176 | 0.0453 | 0.36 | 68.2% | 0.6385 | 0.6392 | 22.4% | 35/0.999/2.5
44 | 0.1441 | 0.6190 | 0.5795 | 0.4572 | 79% | 0.9325 | 0.6188 | 0.0450 | 0.35 | 67.8% | 0.6380 | 0.6410 | 22.2% | 35/0.999/2.5
45 | 0.1432 | 0.6135 | 0.5849 | 0.4608 | 74% | 0.9333 | 0.6173 | 0.0442 | 0.37 | 66.8% | 0.6356 | 0.6392 | 22.4% | 0/0.9993/2.5
46 | 0.1435 | 0.6089 | 0.5915 | 0.4687 | 68% | 0.9352 | 0.6180 | 0.0422 | 0.34 | 66.8% | 0.6364 | 0.6401 | 22.1% | 35/0.9993/2.5
47 | 0.1418 | 0.6315 | 0.5827 | 0.4603 | 84% | 0.9346 | 0.6173 | 0.0427 | 0.38 | 68.7% | 0.6343 | 0.6391 | 22.3% | 0/0.9993/2.5
48 | 0.1414 | 0.6482 | 0.5910 | 0.4620 | 89% | 0.9347 | 0.6206 | 0.0429 | 0.40 | 69.6% | 0.6394 | 0.6415 | 21.9% | 0/0.9993/2.5
49 | 0.1398 | 0.6459 | 0.5882 | 0.4617 | 89% | 0.9345 | 0.6202 | 0.0430 | 0.39 | 68.2% | 0.6400 | 0.6394 | 22.1% | 0/0.9993/2.5
50 | 0.1394 | 0.6483 | 0.5912 | 0.4679 | 89% | 0.9342 | 0.6184 | 0.0433 | 0.37 | 68.7% | 0.6390 | 0.6385 | 22.2% | 0/0.9993/2.5
51 | 0.1387 | 0.6368 | 0.5892 | 0.4630 | 84% | 0.9336 | 0.6175 | 0.0438 | 0.35 | 67.8% | 0.6407 | 0.6367 | 22.2% | 0/0.9993/2.5
52 | 0.1385 | 0.6362 | 0.5763 | 0.4625 | 89% | 0.9340 | 0.6134 | 0.0430 | 0.34 | 65.9% | 0.6321 | 0.6345 | 23.2% | 0/0.9993/2.5
53 | 0.1377 | 0.6283 | 0.5909 | 0.4660 | 79% | 0.9344 | 0.6117 | 0.0425 | 0.41 | 69.2% | 0.6340 | 0.6319 | 23.0% | 0/0.999/2.5
54 | 0.1371 | 0.6274 | 0.5899 | 0.4671 | 79% | 0.9347 | 0.6108 | 0.0422 | 0.42 | 69.2% | 0.6314 | 0.6307 | 23.4% | 0/0.999/2.5
55 | 0.1370 | 0.6333 | 0.5849 | 0.4624 | 84% | 0.9344 | 0.6110 | 0.0425 | 0.37 | 65.9% | 0.6306 | 0.6324 | 23.2% | 0/0.9993/2.5
56 | 0.1366 | 0.6314 | 0.5826 | 0.4627 | 84% | 0.9347 | 0.6103 | 0.0421 | 0.38 | 65.4% | 0.6297 | 0.6318 | 23.3% | 0/0.9993/2.5
57 | 0.1356 | 0.6317 | 0.5829 | 0.4623 | 84% | 0.9340 | 0.6121 | 0.0430 | 0.38 | 65.9% | 0.6314 | 0.6346 | 23.0% | 0/0.9993/2.5
58 | 0.1350 | 0.6326 | 0.5840 | 0.4622 | 84% | 0.9346 | 0.6127 | 0.0424 | 0.37 | 65.4% | 0.6338 | 0.6341 | 22.8% | 0/0.9993/2.5
59 | 0.1361 | 0.6333 | 0.5849 | 0.4624 | 84% | 0.9348 | 0.6120 | 0.0422 | 0.34 | 65.9% | 0.6314 | 0.6329 | 23.0% | 0/0.9993/2.5
60 | 0.1344 | 0.6329 | 0.5844 | 0.4618 | 84% | 0.9347 | 0.6122 | 0.0422 | 0.35 | 65.9% | 0.6330 | 0.6326 | 22.9% | 0/0.9993/2.5
