Epoch | Loss | 3DAll | 3DNod | 3DRaw | CleanOK | 2DAll | 2DTumor | FA | FPcomp | Detect | Precision | Sensitivity | FailRate | Gate
01 | 1.1446 | 0.1881 | 0.0000 | 0.0000 | 100% | 0.0000 | 0.0005 | 1.0000 | 0.00 | 0.0% | 0.0003 | 0.0022 | 100.0% | 0/0.995/0.0
02 | 1.0960 | 0.1881 | 0.0000 | 0.0000 | 100% | 0.0000 | 0.0000 | 1.0000 | 0.00 | 0.0% | 0.0000 | 0.0000 | 100.0% | 0/0.95/0.0
03 | 1.0544 | 0.1881 | 0.0000 | 0.0000 | 100% | 0.0001 | 0.0000 | 0.9999 | 0.00 | 0.0% | 0.0000 | 0.0000 | 100.0% | 0/0.7/0.0
04 | 1.0265 | 0.1881 | 0.0000 | 0.0000 | 100% | 0.1283 | 0.0000 | 0.8625 | 0.00 | 0.0% | 0.0000 | 0.0000 | 100.0% | 0/0.7/0.0
05 | 1.0121 | 0.2922 | 0.1648 | 0.1480 | 84% | 0.8476 | 0.2210 | 0.1076 | 0.22 | 15.0% | 0.2345 | 0.2746 | 65.3% | 0/0.8/3.0
06 | 1.0051 | 0.2951 | 0.1562 | 0.1447 | 89% | 0.7861 | 0.2941 | 0.1788 | 0.19 | 16.8% | 0.2826 | 0.4086 | 51.0% | 0/0.8/2.0
07 | 1.0011 | 0.3130 | 0.2148 | 0.1498 | 74% | 0.7232 | 0.3426 | 0.2497 | 0.46 | 26.2% | 0.3164 | 0.4849 | 42.6% | 0/0.9/2.5
08 | 0.9982 | 0.3390 | 0.2468 | 0.1490 | 74% | 0.6440 | 0.3747 | 0.3368 | 0.45 | 29.9% | 0.3336 | 0.5506 | 35.8% | 0/0.97/3.0
09 | 0.9958 | 0.3646 | 0.2540 | 0.1480 | 84% | 0.6031 | 0.3982 | 0.3822 | 0.32 | 29.4% | 0.3499 | 0.5885 | 31.9% | 0/0.99/3.0
10 | 0.9933 | 0.3759 | 0.2801 | 0.1474 | 79% | 0.5749 | 0.4138 | 0.4136 | 0.53 | 35.5% | 0.3620 | 0.6175 | 29.6% | 0/0.99/3.0
11 | 0.9895 | 0.3769 | 0.2691 | 0.1360 | 84% | 0.4998 | 0.4198 | 0.4944 | 0.12 | 28.5% | 0.3575 | 0.6559 | 25.6% | 0/0.9993/3.0
12 | 0.6701 | 0.1740 | 0.1290 | 0.0731 | 37% | 0.0260 | 0.3021 | 0.9937 | 0.70 | 15.0% | 0.2151 | 0.6691 | 28.5% | 70/0.998/1.8
13 | 0.2946 | 0.3156 | 0.2545 | 0.2081 | 58% | 0.8697 | 0.3399 | 0.0925 | 0.73 | 34.6% | 0.3079 | 0.4602 | 47.9% | 70/0.9997/3.0
14 | 0.2747 | 0.3360 | 0.2797 | 0.2410 | 58% | 0.9073 | 0.3328 | 0.0517 | 0.73 | 35.0% | 0.3259 | 0.3980 | 53.1% | 0/0.998/3.0
15 | 0.2652 | 0.3877 | 0.2580 | 0.2929 | 95% | 0.9201 | 0.3307 | 0.0378 | 0.18 | 26.2% | 0.3429 | 0.3647 | 55.5% | 70/0.0/2.5
16 | 0.2619 | 0.3830 | 0.2645 | 0.2913 | 89% | 0.9208 | 0.3400 | 0.0377 | 0.24 | 27.1% | 0.3500 | 0.3697 | 55.0% | 70/0.0/2.5
17 | 0.2583 | 0.4035 | 0.2896 | 0.2964 | 89% | 0.9213 | 0.3625 | 0.0387 | 0.23 | 29.0% | 0.3701 | 0.3924 | 52.4% | 70/0.0/2.5
18 | 0.2554 | 0.4101 | 0.2978 | 0.3150 | 89% | 0.9233 | 0.3679 | 0.0371 | 0.21 | 31.3% | 0.3740 | 0.3983 | 52.1% | 70/0.0/2.5
19 | 0.2524 | 0.4187 | 0.3205 | 0.3338 | 84% | 0.9231 | 0.3804 | 0.0381 | 0.34 | 34.6% | 0.3847 | 0.4097 | 50.5% | 35/0.0/2.5
20 | 0.2514 | 0.4316 | 0.3608 | 0.3489 | 74% | 0.9257 | 0.3884 | 0.0359 | 0.61 | 45.3% | 0.3973 | 0.4130 | 49.5% | 35/0.0/4.0
21 | 0.2469 | 0.4426 | 0.3378 | 0.3495 | 89% | 0.9261 | 0.3888 | 0.0355 | 0.29 | 38.3% | 0.3924 | 0.4185 | 49.5% | 35/0.0/2.5
22 | 0.2465 | 0.4254 | 0.3898 | 0.3652 | 58% | 0.9269 | 0.3890 | 0.0347 | 0.96 | 50.9% | 0.3932 | 0.4181 | 49.4% | 15/0.998/4.0
23 | 0.2424 | 0.4570 | 0.4043 | 0.3477 | 68% | 0.9249 | 0.3955 | 0.0373 | 1.05 | 53.3% | 0.4009 | 0.4263 | 48.3% | 0/0.999/4.0
24 | 0.2433 | 0.4473 | 0.3924 | 0.3411 | 68% | 0.9226 | 0.3992 | 0.0400 | 1.07 | 53.3% | 0.4019 | 0.4327 | 47.7% | 0/0.9997/4.0
25 | 0.2405 | 0.4404 | 0.3840 | 0.3281 | 68% | 0.9222 | 0.3916 | 0.0399 | 1.11 | 51.4% | 0.3947 | 0.4279 | 48.4% | 15/0.9997/4.0
26 | 0.2362 | 0.4403 | 0.3715 | 0.3463 | 74% | 0.9246 | 0.3911 | 0.0373 | 0.70 | 47.7% | 0.3926 | 0.4267 | 48.7% | 35/0.0/4.0
27 | 0.2327 | 0.4376 | 0.3683 | 0.3440 | 74% | 0.9224 | 0.3949 | 0.0399 | 0.78 | 48.1% | 0.3940 | 0.4318 | 48.4% | 35/0.0/4.0
28 | 0.2315 | 0.4351 | 0.3895 | 0.3442 | 63% | 0.9228 | 0.3961 | 0.0395 | 1.08 | 52.8% | 0.3968 | 0.4320 | 48.4% | 15/0.9997/4.0
29 | 0.2320 | 0.4402 | 0.3714 | 0.3491 | 74% | 0.9237 | 0.4011 | 0.0390 | 0.77 | 48.6% | 0.4028 | 0.4352 | 47.7% | 35/0.0/4.0
30 | 0.2295 | 0.4393 | 0.3703 | 0.3400 | 74% | 0.9257 | 0.4020 | 0.0368 | 0.77 | 50.0% | 0.4052 | 0.4370 | 47.5% | 35/0.0/4.0
31 | 0.2266 | 0.4400 | 0.3712 | 0.3609 | 74% | 0.9246 | 0.4107 | 0.0387 | 0.56 | 45.3% | 0.4079 | 0.4477 | 46.8% | 35/0.0/3.0
32 | 0.2272 | 0.4390 | 0.3699 | 0.3555 | 74% | 0.9213 | 0.4211 | 0.0430 | 0.60 | 43.9% | 0.4134 | 0.4591 | 45.6% | 35/0.0/3.0
33 | 0.2227 | 0.4394 | 0.4070 | 0.3595 | 58% | 0.9227 | 0.4211 | 0.0415 | 1.14 | 55.6% | 0.4158 | 0.4568 | 45.6% | 15/0.999/4.0
34 | 0.2215 | 0.4458 | 0.3662 | 0.3387 | 79% | 0.9216 | 0.4190 | 0.0425 | 0.40 | 42.1% | 0.4175 | 0.4558 | 45.4% | 35/0.0/2.5
35 | 0.2219 | 0.4441 | 0.3885 | 0.3204 | 68% | 0.9206 | 0.4195 | 0.0436 | 0.72 | 47.2% | 0.4172 | 0.4564 | 45.4% | 15/0.9997/3.0
36 | 0.2196 | 0.4449 | 0.3894 | 0.3066 | 68% | 0.9184 | 0.4188 | 0.0459 | 0.86 | 50.5% | 0.4196 | 0.4566 | 45.1% | 35/0.0/4.0
37 | 0.2178 | 0.4419 | 0.3858 | 0.3126 | 68% | 0.9196 | 0.4201 | 0.0447 | 0.84 | 50.0% | 0.4191 | 0.4567 | 45.1% | 35/0.0/4.0
38 | 0.2159 | 0.4391 | 0.3823 | 0.3351 | 68% | 0.9222 | 0.4196 | 0.0419 | 0.51 | 46.3% | 0.4201 | 0.4565 | 45.3% | 35/0.0/3.0
39 | 0.2157 | 0.4344 | 0.4131 | 0.3477 | 53% | 0.9230 | 0.4174 | 0.0409 | 1.10 | 54.7% | 0.4175 | 0.4536 | 45.5% | 15/0.999/4.0
40 | 0.2131 | 0.4187 | 0.3816 | 0.3488 | 58% | 0.9212 | 0.4229 | 0.0432 | 0.55 | 44.9% | 0.4223 | 0.4597 | 45.0% | 35/0.0/3.0
41 | 0.2119 | 0.4264 | 0.3545 | 0.3394 | 74% | 0.9188 | 0.4256 | 0.0459 | 0.38 | 38.8% | 0.4197 | 0.4647 | 44.9% | 70/0.0/3.0
42 | 0.2096 | 0.4256 | 0.3900 | 0.3419 | 58% | 0.9198 | 0.4264 | 0.0449 | 0.62 | 45.8% | 0.4217 | 0.4643 | 44.7% | 35/0.0/3.0
43 | 0.2074 | 0.4304 | 0.3960 | 0.3337 | 58% | 0.9214 | 0.4206 | 0.0429 | 0.86 | 50.9% | 0.4200 | 0.4576 | 45.3% | 35/0.0/4.0
44 | 0.2052 | 0.4315 | 0.3485 | 0.3201 | 79% | 0.9202 | 0.4185 | 0.0439 | 0.29 | 36.9% | 0.4165 | 0.4558 | 45.5% | 70/0.0/2.5
45 | 0.2059 | 0.4342 | 0.3396 | 0.3303 | 84% | 0.9207 | 0.4143 | 0.0431 | 0.30 | 35.5% | 0.4121 | 0.4525 | 46.2% | 70/0.0/2.5
46 | 0.2041 | 0.4256 | 0.3412 | 0.3103 | 79% | 0.9206 | 0.4162 | 0.0434 | 0.29 | 36.0% | 0.4134 | 0.4558 | 46.0% | 70/0.0/2.5
47 | 0.2027 | 0.4253 | 0.3409 | 0.3238 | 79% | 0.9211 | 0.4171 | 0.0429 | 0.25 | 35.5% | 0.4140 | 0.4549 | 46.1% | 70/0.0/2.5
48 | 0.2020 | 0.4180 | 0.3685 | 0.3281 | 63% | 0.9220 | 0.4153 | 0.0418 | 0.40 | 42.1% | 0.4169 | 0.4517 | 45.9% | 35/0.0/2.5
49 | 0.2007 | 0.4248 | 0.3769 | 0.3391 | 63% | 0.9223 | 0.4175 | 0.0417 | 0.42 | 42.1% | 0.4137 | 0.4546 | 46.0% | 35/0.0/2.5
50 | 0.1985 | 0.4378 | 0.3807 | 0.3315 | 68% | 0.9223 | 0.4202 | 0.0418 | 0.40 | 42.1% | 0.4164 | 0.4572 | 45.7% | 35/0.0/2.5
51 | 0.1994 | 0.4347 | 0.3525 | 0.3200 | 79% | 0.9214 | 0.4262 | 0.0432 | 0.20 | 36.9% | 0.4217 | 0.4637 | 45.1% | 70/0.0/2.5
52 | 0.1984 | 0.4338 | 0.3513 | 0.3204 | 79% | 0.9218 | 0.4240 | 0.0427 | 0.22 | 36.4% | 0.4194 | 0.4603 | 45.5% | 70/0.0/2.5
53 | 0.1978 | 0.4408 | 0.3844 | 0.3198 | 68% | 0.9215 | 0.4236 | 0.0429 | 0.38 | 42.5% | 0.4199 | 0.4595 | 45.5% | 35/0.0/2.5
54 | 0.1979 | 0.4420 | 0.3859 | 0.3189 | 68% | 0.9213 | 0.4257 | 0.0433 | 0.37 | 43.5% | 0.4204 | 0.4621 | 45.3% | 35/0.0/2.5
55 | 0.1961 | 0.4347 | 0.3769 | 0.3375 | 68% | 0.9217 | 0.4235 | 0.0427 | 0.38 | 42.1% | 0.4187 | 0.4599 | 45.7% | 35/0.0/2.5
56 | 0.1959 | 0.4470 | 0.3799 | 0.3276 | 74% | 0.9218 | 0.4227 | 0.0425 | 0.34 | 42.5% | 0.4190 | 0.4584 | 45.5% | 35/0.0/2.5
57 | 0.1956 | 0.4466 | 0.3794 | 0.3300 | 74% | 0.9227 | 0.4217 | 0.0415 | 0.36 | 42.5% | 0.4198 | 0.4574 | 45.4% | 35/0.0/2.5
58 | 0.1952 | 0.4461 | 0.3788 | 0.3304 | 74% | 0.9233 | 0.4208 | 0.0408 | 0.34 | 42.5% | 0.4173 | 0.4563 | 45.8% | 35/0.0/2.5
59 | 0.1943 | 0.4457 | 0.3783 | 0.3311 | 74% | 0.9233 | 0.4217 | 0.0408 | 0.36 | 43.5% | 0.4185 | 0.4573 | 45.5% | 35/0.0/2.5
60 | 0.1951 | 0.4438 | 0.3759 | 0.3303 | 74% | 0.9227 | 0.4235 | 0.0416 | 0.38 | 43.0% | 0.4204 | 0.4587 | 45.4% | 35/0.0/2.5
