Epoch | Loss | 3DAll | 3DNod | 3DRaw | CleanOK | 2DAll | 2DTumor | FA | FPcomp | Detect | Precision | Sensitivity | FailRate | Gate
01 | 1.3742 | 0.1789 | 0.0375 | 0.0124 | 79% | 0.0084 | 0.1257 | 1.0000 | 0.18 | 7.0% | 0.0742 | 0.8686 | 60.8% | 0/0.9997/2.0
02 | 1.0914 | 0.1732 | 0.1524 | 0.0357 | 26% | 0.0222 | 0.3024 | 0.9979 | 1.38 | 33.2% | 0.2035 | 0.8763 | 20.8% | 0/0.9997/1.8
03 | 0.7985 | 0.4269 | 0.3185 | 0.1742 | 89% | 0.7960 | 0.4570 | 0.1797 | 0.59 | 49.1% | 0.3658 | 0.7204 | 24.1% | 70/0.9997/2.0
04 | 0.6457 | 0.4438 | 0.3759 | 0.1904 | 74% | 0.8356 | 0.4834 | 0.1392 | 0.83 | 63.6% | 0.3948 | 0.7261 | 23.0% | 70/0.9997/2.5
05 | 0.5703 | 0.4624 | 0.3866 | 0.2019 | 79% | 0.8409 | 0.4982 | 0.1346 | 0.52 | 57.9% | 0.4078 | 0.7325 | 22.8% | 70/0.9997/2.0
06 | 0.5248 | 0.4426 | 0.3988 | 0.2192 | 63% | 0.8476 | 0.5168 | 0.1288 | 0.63 | 61.2% | 0.4278 | 0.7456 | 21.3% | 70/0.9997/2.0
07 | 0.4827 | 0.4646 | 0.4259 | 0.2276 | 63% | 0.8511 | 0.5323 | 0.1262 | 0.63 | 66.8% | 0.4408 | 0.7604 | 19.9% | 70/0.999/2.0
08 | 0.4659 | 0.4908 | 0.4460 | 0.2535 | 68% | 0.8649 | 0.5398 | 0.1119 | 0.94 | 70.1% | 0.4516 | 0.7549 | 20.2% | 35/0.9993/2.0
09 | 0.4398 | 0.5151 | 0.4515 | 0.2558 | 79% | 0.8657 | 0.5513 | 0.1118 | 0.50 | 65.0% | 0.4632 | 0.7663 | 18.9% | 70/0.9997/2.0
10 | 0.4300 | 0.5024 | 0.4603 | 0.2606 | 68% | 0.8685 | 0.5546 | 0.1091 | 1.01 | 70.6% | 0.4658 | 0.7728 | 18.4% | 35/0.9997/2.0
11 | 0.4152 | 0.4896 | 0.4689 | 0.2578 | 58% | 0.8634 | 0.5573 | 0.1148 | 1.10 | 71.5% | 0.4664 | 0.7787 | 17.8% | 35/0.9997/2.0
12 | 0.4009 | 0.4943 | 0.4625 | 0.2746 | 63% | 0.8699 | 0.5618 | 0.1081 | 1.17 | 71.5% | 0.4734 | 0.7794 | 17.3% | 35/0.9993/2.0
13 | 0.3900 | 0.4977 | 0.4667 | 0.2792 | 63% | 0.8713 | 0.5675 | 0.1070 | 1.10 | 71.5% | 0.4778 | 0.7815 | 17.0% | 35/0.9993/2.0
14 | 0.3788 | 0.4932 | 0.4489 | 0.2704 | 68% | 0.8710 | 0.5689 | 0.1074 | 0.52 | 63.1% | 0.4778 | 0.7842 | 16.5% | 70/0.9997/2.0
15 | 0.3773 | 0.5037 | 0.4863 | 0.2706 | 58% | 0.8686 | 0.5715 | 0.1102 | 1.02 | 73.8% | 0.4827 | 0.7844 | 16.2% | 35/0.9997/2.0
16 | 0.3564 | 0.4899 | 0.4692 | 0.2753 | 58% | 0.8725 | 0.5717 | 0.1060 | 1.05 | 73.8% | 0.4839 | 0.7794 | 16.9% | 35/0.9993/2.0
17 | 0.3505 | 0.4715 | 0.4588 | 0.2890 | 53% | 0.8775 | 0.5734 | 0.1008 | 1.01 | 69.2% | 0.4881 | 0.7740 | 17.8% | 35/0.9997/2.0
18 | 0.3448 | 0.4693 | 0.4683 | 0.2986 | 47% | 0.8805 | 0.5737 | 0.0975 | 0.91 | 67.8% | 0.4906 | 0.7692 | 18.3% | 35/0.9997/2.0
19 | 0.3325 | 0.5016 | 0.4593 | 0.3053 | 68% | 0.8843 | 0.5818 | 0.0941 | 0.76 | 64.5% | 0.5004 | 0.7703 | 18.2% | 35/0.9997/1.8
20 | 0.3220 | 0.5179 | 0.5038 | 0.3113 | 58% | 0.8852 | 0.5908 | 0.0938 | 0.83 | 72.0% | 0.5120 | 0.7752 | 16.9% | 35/0.9997/2.0
21 | 0.3246 | 0.4922 | 0.4965 | 0.3283 | 47% | 0.8861 | 0.5915 | 0.0929 | 0.81 | 72.0% | 0.5126 | 0.7719 | 17.6% | 35/0.9997/2.0
22 | 0.3114 | 0.4855 | 0.4639 | 0.3332 | 58% | 0.8878 | 0.5925 | 0.0910 | 0.69 | 65.0% | 0.5142 | 0.7696 | 17.7% | 35/0.9997/1.8
23 | 0.3051 | 0.4914 | 0.4589 | 0.3297 | 63% | 0.8923 | 0.5945 | 0.0865 | 0.65 | 64.0% | 0.5177 | 0.7663 | 18.0% | 35/0.9997/1.8
24 | 0.2998 | 0.4895 | 0.4810 | 0.3296 | 53% | 0.8952 | 0.5957 | 0.0834 | 0.83 | 70.1% | 0.5175 | 0.7685 | 17.9% | 35/0.9997/2.0
25 | 0.2928 | 0.4881 | 0.4915 | 0.3521 | 47% | 0.8949 | 0.5989 | 0.0840 | 0.89 | 70.6% | 0.5195 | 0.7720 | 17.8% | 35/0.9997/2.0
26 | 0.2824 | 0.4834 | 0.4979 | 0.3489 | 42% | 0.8956 | 0.6046 | 0.0836 | 0.93 | 72.0% | 0.5267 | 0.7774 | 16.8% | 35/0.9997/2.0
27 | 0.2813 | 0.4801 | 0.5060 | 0.3583 | 37% | 0.8968 | 0.6011 | 0.0821 | 0.89 | 71.0% | 0.5226 | 0.7713 | 18.0% | 35/0.9997/2.0
28 | 0.2751 | 0.4907 | 0.5068 | 0.3626 | 42% | 0.8994 | 0.6020 | 0.0794 | 0.85 | 72.0% | 0.5254 | 0.7684 | 18.1% | 35/0.9997/2.0
29 | 0.2695 | 0.5079 | 0.5037 | 0.3614 | 53% | 0.9022 | 0.6040 | 0.0765 | 0.88 | 71.0% | 0.5300 | 0.7664 | 17.9% | 0/0.9997/2.0
30 | 0.2682 | 0.4952 | 0.4514 | 0.3605 | 68% | 0.9015 | 0.6086 | 0.0776 | 0.40 | 57.9% | 0.5349 | 0.7710 | 17.3% | 70/0.0/2.0
31 | 0.2602 | 0.5088 | 0.4925 | 0.3634 | 58% | 0.9049 | 0.6069 | 0.0738 | 0.83 | 70.1% | 0.5328 | 0.7672 | 17.6% | 35/0.9997/2.0
32 | 0.2578 | 0.5126 | 0.5094 | 0.3880 | 53% | 0.9072 | 0.6104 | 0.0716 | 0.76 | 72.4% | 0.5391 | 0.7673 | 17.2% | 35/0.9997/2.0
33 | 0.2498 | 0.5134 | 0.4982 | 0.3801 | 58% | 0.9080 | 0.6086 | 0.0706 | 0.74 | 70.1% | 0.5384 | 0.7629 | 17.6% | 35/0.999/2.0
34 | 0.2483 | 0.5168 | 0.5146 | 0.3647 | 53% | 0.9091 | 0.6090 | 0.0694 | 0.69 | 70.1% | 0.5408 | 0.7590 | 17.9% | 35/0.999/2.0
35 | 0.2400 | 0.5290 | 0.5052 | 0.3654 | 63% | 0.9097 | 0.6067 | 0.0686 | 0.64 | 68.2% | 0.5391 | 0.7566 | 18.2% | 35/0.9993/2.0
36 | 0.2347 | 0.5315 | 0.5083 | 0.3622 | 63% | 0.9091 | 0.6047 | 0.0692 | 0.82 | 71.0% | 0.5356 | 0.7545 | 18.5% | 0/0.9993/2.0
37 | 0.2343 | 0.5217 | 0.5084 | 0.3754 | 58% | 0.9104 | 0.6062 | 0.0678 | 0.87 | 70.6% | 0.5415 | 0.7521 | 18.4% | 0/0.9993/2.0
38 | 0.2269 | 0.5233 | 0.5226 | 0.3897 | 53% | 0.9122 | 0.6054 | 0.0659 | 0.76 | 70.6% | 0.5389 | 0.7472 | 19.2% | 0/0.9993/2.0
39 | 0.2247 | 0.5409 | 0.5199 | 0.3933 | 63% | 0.9135 | 0.6044 | 0.0645 | 0.68 | 69.2% | 0.5401 | 0.7440 | 19.5% | 0/0.9997/2.0
40 | 0.2202 | 0.5402 | 0.5312 | 0.3920 | 58% | 0.9133 | 0.6060 | 0.0648 | 0.73 | 70.6% | 0.5417 | 0.7464 | 19.1% | 0/0.9993/2.0
41 | 0.2144 | 0.5310 | 0.5199 | 0.3889 | 58% | 0.9145 | 0.6036 | 0.0633 | 0.75 | 70.1% | 0.5408 | 0.7447 | 19.3% | 0/0.999/2.0
42 | 0.2134 | 0.5240 | 0.5357 | 0.4006 | 47% | 0.9155 | 0.6024 | 0.0622 | 0.96 | 79.0% | 0.5405 | 0.7427 | 19.4% | 0/0.9997/2.5
43 | 0.2109 | 0.5496 | 0.5306 | 0.4023 | 63% | 0.9166 | 0.6026 | 0.0609 | 0.71 | 71.0% | 0.5397 | 0.7444 | 19.3% | 0/0.9997/2.0
44 | 0.2076 | 0.5265 | 0.5387 | 0.4050 | 47% | 0.9163 | 0.6042 | 0.0614 | 1.12 | 79.9% | 0.5407 | 0.7458 | 19.3% | 15/0.999/2.5
45 | 0.2018 | 0.5316 | 0.5085 | 0.4070 | 63% | 0.9159 | 0.6057 | 0.0619 | 0.68 | 70.6% | 0.5429 | 0.7435 | 19.3% | 0/0.9997/2.0
46 | 0.2000 | 0.5415 | 0.5207 | 0.4125 | 63% | 0.9181 | 0.6077 | 0.0598 | 0.65 | 70.1% | 0.5450 | 0.7439 | 19.3% | 0/0.9997/2.0
47 | 0.1971 | 0.5404 | 0.5193 | 0.4041 | 63% | 0.9180 | 0.6098 | 0.0600 | 0.67 | 71.5% | 0.5487 | 0.7445 | 18.8% | 0/0.9997/2.0
48 | 0.1958 | 0.5439 | 0.5235 | 0.4070 | 63% | 0.9191 | 0.6068 | 0.0586 | 0.65 | 69.2% | 0.5458 | 0.7402 | 19.4% | 0/0.9997/2.0
49 | 0.1911 | 0.5443 | 0.5241 | 0.4112 | 63% | 0.9213 | 0.6056 | 0.0562 | 0.65 | 69.2% | 0.5471 | 0.7352 | 19.5% | 15/0.9997/2.0
50 | 0.1883 | 0.5344 | 0.5241 | 0.4118 | 58% | 0.9218 | 0.6002 | 0.0552 | 0.68 | 69.6% | 0.5436 | 0.7291 | 20.2% | 15/0.998/2.0
51 | 0.1859 | 0.5276 | 0.5157 | 0.4221 | 58% | 0.9229 | 0.5959 | 0.0537 | 0.63 | 68.2% | 0.5402 | 0.7226 | 20.9% | 15/0.9997/2.0
52 | 0.1842 | 0.5251 | 0.5126 | 0.4182 | 58% | 0.9225 | 0.5946 | 0.0541 | 0.59 | 67.8% | 0.5392 | 0.7218 | 21.0% | 0/0.9997/2.0
53 | 0.1816 | 0.5377 | 0.5160 | 0.4304 | 63% | 0.9230 | 0.5941 | 0.0535 | 0.59 | 67.8% | 0.5357 | 0.7232 | 21.3% | 0/0.9997/2.0
54 | 0.1829 | 0.5422 | 0.5215 | 0.4349 | 63% | 0.9245 | 0.5933 | 0.0518 | 0.59 | 67.8% | 0.5386 | 0.7198 | 21.3% | 0/0.9997/2.0
55 | 0.1816 | 0.5489 | 0.5297 | 0.4349 | 63% | 0.9252 | 0.5908 | 0.0509 | 0.54 | 67.3% | 0.5357 | 0.7161 | 21.7% | 0/0.9997/2.0
56 | 0.1789 | 0.5387 | 0.5416 | 0.4339 | 53% | 0.9249 | 0.5884 | 0.0510 | 0.81 | 75.7% | 0.5333 | 0.7127 | 22.0% | 0/0.9997/2.5
57 | 0.1777 | 0.5268 | 0.5148 | 0.4313 | 58% | 0.9233 | 0.5896 | 0.0529 | 0.60 | 65.9% | 0.5318 | 0.7160 | 21.9% | 0/0.9997/2.0
58 | 0.1766 | 0.5264 | 0.5142 | 0.4327 | 58% | 0.9237 | 0.5893 | 0.0525 | 0.61 | 65.9% | 0.5318 | 0.7152 | 22.0% | 0/0.9997/2.0
59 | 0.1766 | 0.5320 | 0.5211 | 0.4242 | 58% | 0.9234 | 0.5885 | 0.0526 | 0.59 | 65.9% | 0.5313 | 0.7133 | 22.1% | 0/0.9997/2.0
60 | 0.1756 | 0.5333 | 0.5227 | 0.4352 | 58% | 0.9239 | 0.5871 | 0.0520 | 0.57 | 65.4% | 0.5304 | 0.7119 | 22.2% | 0/0.9997/2.0
