Epoch | Loss | 3DAll | 3DNod | 3DRaw | CleanOK | 2DAll | 2DTumor | FA | FPcomp | Detect | Precision | Sensitivity | FailRate | Gate
01 | 1.0956 | 0.1881 | 0.0000 | 0.0000 | 100% | 0.0573 | 0.0003 | 0.9386 | 0.01 | 0.0% | 0.0027 | 0.0003 | 99.9% | 0/0.7/4.0
02 | 1.0189 | 0.3102 | 0.1991 | 0.1163 | 79% | 0.5861 | 0.3416 | 0.3964 | 0.22 | 20.1% | 0.3117 | 0.4958 | 41.6% | 0/0.95/2.5
03 | 0.7671 | 0.2655 | 0.0953 | 0.2600 | 100% | 0.9370 | 0.0952 | 0.0029 | 0.05 | 11.2% | 0.1408 | 0.0805 | 86.0% | 0/0.8/4.0
04 | 0.3454 | 0.1885 | 0.0005 | 0.1885 | 100% | 0.9335 | 0.0021 | 0.0000 | 0.01 | 0.5% | 0.0032 | 0.0016 | 99.7% | 0/0.0/0.0
05 | 0.3489 | 0.1881 | 0.0000 | 0.1881 | 100% | 0.9333 | 0.0000 | 0.0000 | 0.00 | 0.0% | 0.0000 | 0.0000 | 100.0% | 0/0.0/0.0
06 | 0.3487 | 0.1881 | 0.0000 | 0.1881 | 100% | 0.9333 | 0.0000 | 0.0000 | 0.00 | 0.0% | 0.0000 | 0.0000 | 100.0% | 0/0.0/0.0
07 | 0.3489 | 0.1881 | 0.0000 | 0.1881 | 100% | 0.9333 | 0.0000 | 0.0000 | 0.00 | 0.0% | 0.0000 | 0.0000 | 100.0% | 0/0.0/0.0
08 | 0.3490 | 0.1881 | 0.0000 | 0.1881 | 100% | 0.9333 | 0.0000 | 0.0000 | 0.00 | 0.0% | 0.0000 | 0.0000 | 100.0% | 0/0.0/0.0
09 | 0.3488 | 0.1881 | 0.0000 | 0.1881 | 100% | 0.9333 | 0.0000 | 0.0000 | 0.00 | 0.0% | 0.0000 | 0.0000 | 100.0% | 0/0.0/0.0
10 | 0.3490 | 0.1881 | 0.0000 | 0.1881 | 100% | 0.9333 | 0.0000 | 0.0000 | 0.00 | 0.0% | 0.0000 | 0.0000 | 100.0% | 0/0.0/0.0
11 | 0.3490 | 0.1881 | 0.0000 | 0.1881 | 100% | 0.9333 | 0.0000 | 0.0000 | 0.00 | 0.0% | 0.0000 | 0.0000 | 100.0% | 0/0.0/0.0
12 | 0.3487 | 0.1881 | 0.0000 | 0.1881 | 100% | 0.9333 | 0.0000 | 0.0000 | 0.00 | 0.0% | 0.0000 | 0.0000 | 100.0% | 0/0.0/0.0
13 | 0.3484 | 0.1881 | 0.0000 | 0.1881 | 100% | 0.9333 | 0.0000 | 0.0000 | 0.00 | 0.0% | 0.0000 | 0.0000 | 100.0% | 0/0.0/0.0
14 | 0.3483 | 0.1881 | 0.0000 | 0.1881 | 100% | 0.9333 | 0.0000 | 0.0000 | 0.00 | 0.0% | 0.0000 | 0.0000 | 100.0% | 0/0.0/0.0
15 | 0.3414 | 0.1881 | 0.0000 | 0.1881 | 100% | 0.9333 | 0.0000 | 0.0000 | 0.00 | 0.0% | 0.0000 | 0.0000 | 100.0% | 0/0.0/0.0
16 | 0.3325 | 0.1884 | 0.0003 | 0.1884 | 100% | 0.9334 | 0.0015 | 0.0000 | 0.03 | 0.5% | 0.0032 | 0.0010 | 99.7% | 0/0.0/0.0
17 | 0.2869 | 0.2788 | 0.1117 | 0.2735 | 100% | 0.9380 | 0.0994 | 0.0021 | 0.05 | 12.1% | 0.1343 | 0.0892 | 86.1% | 0/0.998/0.0
18 | 0.2720 | 0.3528 | 0.2150 | 0.3221 | 95% | 0.9400 | 0.2120 | 0.0080 | 0.19 | 24.8% | 0.2326 | 0.2140 | 73.1% | 0/0.7/4.0
19 | 0.2629 | 0.3985 | 0.2713 | 0.3428 | 95% | 0.9379 | 0.2736 | 0.0146 | 0.23 | 29.4% | 0.2981 | 0.2800 | 64.9% | 0/0.99/4.0
20 | 0.2581 | 0.4084 | 0.3323 | 0.3367 | 74% | 0.9345 | 0.3149 | 0.0213 | 0.50 | 36.9% | 0.3362 | 0.3242 | 59.3% | 15/0.9/4.0
21 | 0.2542 | 0.4148 | 0.3157 | 0.3394 | 84% | 0.9341 | 0.3352 | 0.0231 | 0.34 | 34.6% | 0.3613 | 0.3414 | 56.9% | 35/0.0/3.0
22 | 0.2505 | 0.4183 | 0.2957 | 0.3580 | 95% | 0.9341 | 0.3497 | 0.0241 | 0.23 | 29.4% | 0.3752 | 0.3557 | 55.2% | 0/0.999/3.0
23 | 0.2456 | 0.4204 | 0.3471 | 0.3506 | 74% | 0.9335 | 0.3575 | 0.0253 | 0.42 | 39.3% | 0.3816 | 0.3648 | 54.2% | 0/0.97/3.0
24 | 0.2426 | 0.4185 | 0.3813 | 0.3409 | 58% | 0.9318 | 0.3767 | 0.0285 | 0.58 | 42.5% | 0.3991 | 0.3850 | 51.9% | 0/0.99/4.0
25 | 0.2386 | 0.4204 | 0.3349 | 0.3401 | 79% | 0.9306 | 0.3827 | 0.0303 | 0.30 | 36.4% | 0.4037 | 0.3926 | 50.9% | 0/0.998/3.0
26 | 0.2378 | 0.4238 | 0.3513 | 0.3255 | 74% | 0.9291 | 0.3890 | 0.0323 | 0.42 | 39.3% | 0.4105 | 0.3996 | 50.1% | 35/0.998/4.0
27 | 0.2371 | 0.4309 | 0.3600 | 0.3290 | 74% | 0.9297 | 0.3932 | 0.0319 | 0.45 | 41.1% | 0.4136 | 0.4037 | 49.7% | 0/0.998/4.0
28 | 0.2328 | 0.4462 | 0.3666 | 0.3308 | 79% | 0.9280 | 0.4035 | 0.0346 | 0.46 | 41.6% | 0.4251 | 0.4143 | 48.5% | 0/0.998/4.0
29 | 0.2290 | 0.4467 | 0.3795 | 0.3467 | 74% | 0.9272 | 0.4083 | 0.0358 | 0.45 | 42.5% | 0.4264 | 0.4201 | 47.5% | 0/0.995/3.0
30 | 0.2273 | 0.4468 | 0.3674 | 0.3420 | 79% | 0.9279 | 0.4150 | 0.0355 | 0.31 | 40.7% | 0.4396 | 0.4262 | 46.3% | 0/0.998/3.0
31 | 0.2261 | 0.4411 | 0.3848 | 0.3310 | 68% | 0.9270 | 0.4182 | 0.0367 | 0.52 | 45.3% | 0.4426 | 0.4290 | 46.2% | 0/0.998/4.0
32 | 0.2258 | 0.4452 | 0.3899 | 0.3435 | 68% | 0.9247 | 0.4242 | 0.0396 | 0.46 | 44.9% | 0.4459 | 0.4368 | 45.8% | 0/0.995/3.0
33 | 0.2215 | 0.4414 | 0.3607 | 0.3437 | 79% | 0.9255 | 0.4247 | 0.0387 | 0.25 | 40.2% | 0.4434 | 0.4372 | 45.8% | 0/0.998/2.5
34 | 0.2195 | 0.4450 | 0.3773 | 0.3488 | 74% | 0.9272 | 0.4279 | 0.0372 | 0.38 | 43.5% | 0.4507 | 0.4380 | 45.1% | 0/0.998/3.0
35 | 0.2174 | 0.4444 | 0.3401 | 0.3640 | 89% | 0.9280 | 0.4328 | 0.0367 | 0.30 | 36.9% | 0.4570 | 0.4420 | 44.7% | 35/0.9997/4.0
36 | 0.2163 | 0.4540 | 0.4007 | 0.3557 | 68% | 0.9268 | 0.4405 | 0.0385 | 0.34 | 44.4% | 0.4657 | 0.4503 | 43.6% | 35/0.998/3.0
37 | 0.2142 | 0.4674 | 0.4050 | 0.3593 | 74% | 0.9290 | 0.4438 | 0.0364 | 0.36 | 44.9% | 0.4707 | 0.4516 | 43.3% | 0/0.998/3.0
38 | 0.2122 | 0.4675 | 0.4051 | 0.3589 | 74% | 0.9289 | 0.4439 | 0.0364 | 0.36 | 44.9% | 0.4751 | 0.4501 | 43.1% | 0/0.998/3.0
39 | 0.2117 | 0.4643 | 0.4377 | 0.3631 | 58% | 0.9301 | 0.4424 | 0.0350 | 0.68 | 53.3% | 0.4685 | 0.4492 | 43.5% | 0/0.995/4.0
40 | 0.2111 | 0.4698 | 0.3835 | 0.3618 | 84% | 0.9280 | 0.4494 | 0.0379 | 0.29 | 42.5% | 0.4775 | 0.4562 | 42.6% | 0/0.998/2.5
41 | 0.2093 | 0.4708 | 0.3848 | 0.3489 | 84% | 0.9273 | 0.4521 | 0.0388 | 0.32 | 45.3% | 0.4771 | 0.4590 | 42.5% | 0/0.998/2.5
42 | 0.2076 | 0.4797 | 0.3835 | 0.3637 | 89% | 0.9282 | 0.4545 | 0.0379 | 0.24 | 43.5% | 0.4800 | 0.4611 | 42.0% | 0/0.998/2.5
43 | 0.2066 | 0.4823 | 0.4233 | 0.3803 | 74% | 0.9300 | 0.4563 | 0.0362 | 0.46 | 52.3% | 0.4865 | 0.4607 | 41.5% | 0/0.995/3.0
44 | 0.2047 | 0.4721 | 0.4108 | 0.3795 | 74% | 0.9295 | 0.4559 | 0.0367 | 0.41 | 47.2% | 0.4844 | 0.4602 | 42.0% | 0/0.998/3.0
45 | 0.2055 | 0.4591 | 0.4069 | 0.3701 | 68% | 0.9289 | 0.4576 | 0.0374 | 0.43 | 47.2% | 0.4845 | 0.4629 | 42.0% | 0/0.998/3.0
46 | 0.2039 | 0.4711 | 0.4095 | 0.3693 | 74% | 0.9289 | 0.4603 | 0.0377 | 0.32 | 46.7% | 0.4898 | 0.4645 | 41.2% | 35/0.998/3.0
47 | 0.2015 | 0.4743 | 0.4257 | 0.3750 | 68% | 0.9290 | 0.4612 | 0.0375 | 0.64 | 51.9% | 0.4888 | 0.4659 | 41.2% | 0/0.998/4.0
48 | 0.2016 | 0.4787 | 0.4067 | 0.3757 | 79% | 0.9290 | 0.4586 | 0.0374 | 0.40 | 48.6% | 0.4897 | 0.4626 | 41.4% | 0/0.998/3.0
49 | 0.2000 | 0.4810 | 0.4096 | 0.3790 | 79% | 0.9290 | 0.4567 | 0.0373 | 0.43 | 49.5% | 0.4852 | 0.4612 | 41.6% | 0/0.998/3.0
50 | 0.1990 | 0.4859 | 0.3911 | 0.3741 | 89% | 0.9273 | 0.4637 | 0.0396 | 0.28 | 46.3% | 0.4932 | 0.4694 | 40.7% | 0/0.998/2.5
51 | 0.1986 | 0.4906 | 0.4335 | 0.3739 | 74% | 0.9288 | 0.4646 | 0.0380 | 0.62 | 52.8% | 0.4942 | 0.4691 | 40.6% | 0/0.998/4.0
52 | 0.1988 | 0.4924 | 0.4113 | 0.3651 | 84% | 0.9280 | 0.4655 | 0.0390 | 0.44 | 49.5% | 0.4934 | 0.4704 | 40.5% | 0/0.998/3.0
53 | 0.1997 | 0.4840 | 0.4010 | 0.3636 | 84% | 0.9285 | 0.4657 | 0.0384 | 0.37 | 44.9% | 0.4930 | 0.4702 | 40.5% | 0/0.999/3.0
54 | 0.1978 | 0.4975 | 0.4177 | 0.3652 | 84% | 0.9285 | 0.4662 | 0.0385 | 0.44 | 49.1% | 0.4947 | 0.4702 | 40.5% | 0/0.998/3.0
55 | 0.1970 | 0.4989 | 0.4194 | 0.3765 | 84% | 0.9281 | 0.4655 | 0.0388 | 0.47 | 48.6% | 0.4927 | 0.4704 | 40.8% | 0/0.998/3.0
56 | 0.1961 | 0.4961 | 0.4160 | 0.3719 | 84% | 0.9289 | 0.4622 | 0.0378 | 0.45 | 48.1% | 0.4899 | 0.4666 | 41.0% | 0/0.998/3.0
57 | 0.1957 | 0.4961 | 0.4159 | 0.3714 | 84% | 0.9288 | 0.4604 | 0.0377 | 0.45 | 48.6% | 0.4885 | 0.4656 | 41.3% | 0/0.998/3.0
58 | 0.1964 | 0.4924 | 0.4114 | 0.3679 | 84% | 0.9275 | 0.4635 | 0.0394 | 0.48 | 49.1% | 0.4908 | 0.4693 | 41.1% | 0/0.998/3.0
59 | 0.1957 | 0.4962 | 0.4161 | 0.3683 | 84% | 0.9269 | 0.4639 | 0.0400 | 0.49 | 50.5% | 0.4919 | 0.4697 | 40.7% | 0/0.998/3.0
60 | 0.1949 | 0.4981 | 0.4184 | 0.3670 | 84% | 0.9260 | 0.4661 | 0.0411 | 0.50 | 50.9% | 0.4928 | 0.4719 | 40.3% | 0/0.998/3.0
